ncols         45
nrows         59
xllcorner     116.50986550247
yllcorner     26.46807586687
cellsize      0.008062025005
NODATA_value  -9999
-9999 -9999 -9999 -9999 -9999 -9999 -9999 -9999 -9999 -9999 -9999 -9999 -9999 -9999 -9999 -9999 -9999 0 -9999 -9999 -9999 -9999 -9999 -9999 -9999 -9999 -9999 -9999 -9999 -9999 -9999 -9999 -9999 -9999 -9999 -9999 -9999 -9999 -9999 -9999 -9999 -9999 -9999 -9999 -9999 
-9999 -9999 -9999 -9999 -9999 -9999 -9999 -9999 -9999 -9999 -9999 -9999 -9999 -9999 -9999 0 0 2 0 -9999 -9999 -9999 -9999 -9999 -9999 -9999 -9999 -9999 -9999 -9999 -9999 -9999 -9999 -9999 -9999 -9999 -9999 -9999 -9999 -9999 -9999 -9999 -9999 -9999 -9999 
-9999 -9999 -9999 -9999 -9999 -9999 -9999 -9999 -9999 -9999 -9999 -9999 -9999 -9999 0 0 2 4 0 0 0 -9999 -9999 -9999 -9999 -9999 -9999 -9999 -9999 -9999 -9999 -9999 -9999 -9999 -9999 -9999 -9999 -9999 -9999 -9999 -9999 -9999 -9999 -9999 -9999 
-9999 -9999 -9999 -9999 -9999 -9999 -9999 -9999 -9999 -9999 -9999 -9999 -9999 -9999 2 6 10 5 1 0 1 -9999 -9999 -9999 -9999 -9999 -9999 -9999 -9999 -9999 -9999 -9999 -9999 -9999 -9999 -9999 -9999 -9999 -9999 -9999 -9999 -9999 -9999 -9999 -9999 
-9999 -9999 -9999 -9999 -9999 -9999 -9999 -9999 -9999 -9999 -9999 -9999 -9999 0 0 0 0 18 7 4 0 -9999 -9999 -9999 -9999 -9999 -9999 -9999 -9999 -9999 -9999 -9999 -9999 -9999 -9999 -9999 -9999 -9999 -9999 -9999 -9999 -9999 -9999 -9999 -9999 
-9999 -9999 -9999 -9999 -9999 -9999 -9999 -9999 -9999 -9999 -9999 -9999 0 0 0 1 0 20 10 1 0 -9999 -9999 -9999 -9999 -9999 -9999 -9999 -9999 -9999 -9999 -9999 -9999 -9999 -9999 -9999 -9999 -9999 -9999 -9999 -9999 -9999 -9999 -9999 -9999 
-9999 -9999 -9999 -9999 -9999 -9999 -9999 -9999 -9999 -9999 -9999 -9999 0 2 0 2 0 34 0 0 0 -9999 -9999 -9999 -9999 -9999 -9999 -9999 -9999 -9999 -9999 -9999 -9999 -9999 -9999 -9999 -9999 -9999 -9999 -9999 -9999 -9999 -9999 -9999 -9999 
-9999 -9999 -9999 -9999 -9999 -9999 -9999 -9999 -9999 -9999 -9999 -9999 1 5 4 0 0 36 0 4 0 -9999 -9999 -9999 -9999 -9999 -9999 -9999 -9999 -9999 -9999 -9999 -9999 -9999 -9999 -9999 -9999 -9999 -9999 -9999 -9999 -9999 -9999 -9999 -9999 
-9999 -9999 -9999 -9999 -9999 -9999 -9999 -9999 -9999 -9999 -9999 0 0 0 26 28 0 39 7 0 0 -9999 -9999 -9999 -9999 -9999 -9999 -9999 -9999 -9999 -9999 -9999 -9999 -9999 -9999 -9999 -9999 -9999 -9999 -9999 -9999 -9999 -9999 -9999 -9999 
-9999 -9999 -9999 -9999 -9999 -9999 -9999 -9999 -9999 -9999 -9999 0 11 14 0 0 29 0 49 0 0 -9999 -9999 -9999 -9999 -9999 -9999 -9999 -9999 -9999 -9999 -9999 -9999 -9999 -9999 -9999 -9999 -9999 -9999 -9999 -9999 -9999 -9999 -9999 -9999 
-9999 -9999 -9999 -9999 -9999 -9999 -9999 -9999 -9999 0 3 4 7 0 0 34 0 0 52 0 3 1 0 -9999 -9999 -9999 -9999 -9999 -9999 -9999 -9999 -9999 -9999 -9999 -9999 -9999 -9999 -9999 -9999 -9999 -9999 -9999 -9999 -9999 -9999 
-9999 -9999 -9999 -9999 -9999 -9999 0 -9999 -9999 0 0 0 1 0 0 1 37 0 59 5 0 0 0 -9999 -9999 -9999 -9999 -9999 -9999 -9999 -9999 -9999 -9999 -9999 -9999 -9999 -9999 -9999 -9999 -9999 -9999 -9999 -9999 -9999 -9999 
-9999 -9999 -9999 -9999 -9999 0 1 0 0 0 4 0 0 2 0 0 1 42 0 60 0 2 2 0 -9999 -9999 -9999 -9999 -9999 -9999 -9999 -9999 -9999 -9999 -9999 -9999 -9999 -9999 -9999 -9999 -9999 -9999 -9999 -9999 -9999 
-9999 -9999 -9999 -9999 0 1 4 0 0 2 0 10 11 18 23 32 33 48 93 156 0 9 2 0 -9999 -9999 -9999 -9999 -9999 -9999 -9999 -9999 -9999 -9999 -9999 -9999 -9999 -9999 -9999 -9999 -9999 -9999 -9999 -9999 -9999 
-9999 -9999 -9999 0 2 11 0 0 0 0 1 0 5 0 6 0 13 0 0 0 169 0 0 0 0 1 0 -9999 -9999 -9999 -9999 -9999 -9999 -9999 -9999 -9999 -9999 -9999 -9999 -9999 -9999 -9999 -9999 -9999 -9999 
-9999 -9999 -9999 0 0 1 18 2 0 0 0 3 0 2 1 1 11 0 0 2 173 0 0 1 1 4 0 -9999 -9999 -9999 -9999 -9999 -9999 -9999 -9999 -9999 -9999 -9999 -9999 -9999 -9999 -9999 -9999 -9999 -9999 
-9999 -9999 -9999 0 0 0 27 0 3 0 0 1 0 0 0 0 0 6 0 0 11 188 0 3 8 0 0 -9999 0 1 0 -9999 -9999 -9999 -9999 -9999 -9999 -9999 0 1422 -9999 -9999 -9999 -9999 -9999 
-9999 -9999 -9999 0 4 5 0 29 5 0 0 0 0 0 0 0 5 0 1 8 0 0 190 4 11 1 0 0 2 3 0 -9999 -9999 -9999 -9999 -9999 0 1 9 1410 -9999 -9999 -9999 -9999 -9999 
-9999 -9999 -9999 -9999 0 0 1 41 0 0 1 2 0 3 0 0 3 0 5 0 0 3 5 215 0 0 0 0 4 7 0 0 0 0 -9999 -9999 0 3 2 1409 -9999 -9999 -9999 -9999 -9999 
-9999 -9999 -9999 -9999 -9999 0 2 0 48 52 55 59 7 1 0 0 0 0 0 0 0 0 0 0 217 1 1 0 15 1 1 1 2 0 -9999 0 0 0 1 1408 -9999 -9999 -9999 -9999 -9999 
-9999 -9999 -9999 -9999 -9999 0 0 3 0 0 0 0 68 0 0 0 0 0 0 0 0 0 0 0 0 224 0 18 0 0 0 0 8 0 0 0 1 0 0 1407 -9999 -9999 -9999 -9999 -9999 
-9999 -9999 -9999 -9999 -9999 -9999 0 0 3 6 9 14 84 3 0 0 5 7 1 1 1 1 1 1 0 226 20 0 0 0 0 0 10 0 2 7 0 0 1400 4 0 -9999 -9999 -9999 -9999 
-9999 -9999 -9999 -9999 -9999 -9999 1 2 0 0 0 2 0 91 0 0 1 0 13 0 0 5 2 2 0 248 0 0 2 0 1 0 11 0 1 8 0 1396 2 2 0 -9999 -9999 -9999 -9999 
-9999 -9999 -9999 -9999 -9999 -9999 0 0 0 0 1 0 0 92 0 0 0 0 0 316 317 326 333 0 251 0 1 4 0 1 0 4 12 0 736 0 757 636 1 0 0 -9999 -9999 -9999 -9999 
-9999 -9999 -9999 -9999 0 0 0 1 1 0 1 0 3 95 1 0 3 1 300 0 0 0 2 590 0 0 0 8 13 0 0 5 729 732 0 737 745 635 0 2 1 0 -9999 -9999 -9999 
-9999 -9999 -9999 0 0 6 3 0 2 0 1 4 197 0 0 0 5 240 4 49 0 0 0 0 599 602 0 625 627 642 644 709 0 0 0 741 2 604 28 10 2 1 0 -9999 -9999 
-9999 -9999 -9999 1 23 32 2 0 3 0 0 91 0 202 204 0 232 0 3 47 0 0 0 3 1 0 624 0 0 0 54 7 0 0 0 0 1 603 13 0 6 4 0 1 0 
0 1 15 18 0 0 36 0 66 78 90 6 0 0 5 211 230 0 2 37 7 2 0 0 0 0 9 8 0 0 52 5 3 0 0 0 0 602 0 10 0 0 2 0 -9999 
0 0 11 0 0 0 6 61 8 0 0 1 5 0 4 0 16 0 0 36 2 0 0 0 4 6 0 0 5 47 2 0 0 0 2 1 601 1 0 2 5 4 2 0 -9999 
1 10 1 0 0 3 0 15 0 6 0 0 4 1 0 0 14 0 0 34 0 0 0 1 0 0 2 4 0 46 1 0 0 1 3 579 18 4 1 0 1 0 0 -9999 -9999 
-9999 1 3 0 0 0 0 0 12 4 0 0 3 0 0 8 1 0 33 11 6 5 0 0 0 1 0 0 1 44 0 0 0 3 20 551 12 0 1 0 4 0 0 -9999 -9999 
-9999 0 0 0 -9999 0 5 7 1 1 2 0 0 3 5 0 0 0 1 18 3 0 1 0 0 1 0 0 40 1 0 1 0 12 2 550 10 0 6 5 0 2 0 -9999 -9999 
-9999 -9999 -9999 -9999 -9999 0 3 0 0 0 0 0 2 0 1 0 1 0 17 0 1 0 0 0 0 0 4 0 36 0 0 5 6 10 1 549 0 8 0 1 0 0 -9999 -9999 -9999 
-9999 -9999 -9999 -9999 -9999 -9999 0 0 -9999 -9999 -9999 0 0 0 0 4 6 10 3 0 0 0 2 4 6 0 5 31 1 0 0 0 0 2 0 547 0 34 0 6 2 0 0 -9999 -9999 
-9999 -9999 -9999 -9999 -9999 -9999 -9999 -9999 -9999 -9999 0 0 1 0 0 0 0 0 0 0 0 0 0 0 0 11 24 0 1 0 0 0 1 0 0 506 38 0 32 27 4 3 1 -9999 -9999 
-9999 -9999 -9999 -9999 -9999 -9999 -9999 0 0 0 1 0 0 4 6 0 0 0 0 0 0 1 3 6 0 0 0 9 5 0 1 0 3 4 501 2 1 1 3 0 13 0 0 0 -9999 
-9999 -9999 -9999 -9999 -9999 -9999 -9999 3 0 1 0 3 0 0 0 8 4 2 0 0 2 0 0 8 0 0 1 0 0 0 0 2 0 477 17 0 0 0 0 1 11 3 1 0 -9999 
-9999 -9999 -9999 -9999 -9999 -9999 -9999 4 0 2 1 4 1 0 2 15 0 0 3 0 0 5 0 9 6 3 0 0 0 0 0 5 473 1 15 12 1 0 0 0 6 1 0 -9999 -9999 
-9999 -9999 -9999 -9999 -9999 -9999 0 1 8 0 7 8 17 0 4 17 0 6 0 0 0 2 10 18 0 1 0 0 0 2 0 466 2 0 0 0 9 0 0 0 0 0 -9999 -9999 -9999 
-9999 -9999 -9999 -9999 -9999 -9999 0 2 12 0 0 0 0 21 45 0 0 7 0 1 0 0 1 31 0 0 0 0 443 452 454 6 0 0 -9999 0 7 0 2 0 -9999 -9999 -9999 -9999 -9999 
-9999 -9999 -9999 -9999 -9999 -9999 0 0 15 17 0 0 0 0 2 50 15 13 2 0 0 0 1 36 0 1 435 440 1 4 0 1 3 0 -9999 -9999 0 3 -9999 -9999 -9999 -9999 -9999 -9999 -9999 
-9999 -9999 -9999 -9999 -9999 -9999 0 0 0 0 20 23 0 0 64 133 0 0 0 4 0 0 0 1 40 431 0 0 0 0 2 0 1 -9999 -9999 -9999 -9999 -9999 -9999 -9999 -9999 -9999 -9999 -9999 -9999 
-9999 -9999 -9999 -9999 -9999 -9999 0 21 22 0 0 37 62 63 0 3 140 0 0 6 0 1 0 0 372 15 0 0 0 0 0 0 0 -9999 -9999 -9999 -9999 -9999 -9999 -9999 -9999 -9999 -9999 -9999 -9999 
-9999 -9999 -9999 -9999 -9999 -9999 0 16 0 25 35 1 2 0 0 1 0 141 143 8 0 0 3 367 2 1 13 8 6 1 0 -9999 -9999 -9999 -9999 -9999 -9999 -9999 -9999 -9999 -9999 -9999 -9999 -9999 -9999 
-9999 -9999 -9999 -9999 -9999 0 13 1 0 8 0 0 0 4 0 39 0 0 1 155 0 1 353 8 0 0 2 0 0 0 -9999 -9999 -9999 -9999 -9999 -9999 -9999 -9999 -9999 -9999 -9999 -9999 -9999 -9999 -9999 
-9999 -9999 -9999 -9999 0 10 0 0 3 0 0 0 0 30 0 37 42 43 57 58 216 350 0 0 5 0 0 0 -9999 -9999 -9999 -9999 -9999 -9999 -9999 -9999 -9999 -9999 -9999 -9999 -9999 -9999 -9999 -9999 -9999 
-9999 -9999 0 2 4 2 0 1 0 0 0 15 23 1 34 0 0 10 1 113 115 15 1 0 3 0 -9999 -9999 -9999 -9999 -9999 -9999 -9999 -9999 -9999 -9999 -9999 -9999 -9999 -9999 -9999 -9999 -9999 -9999 -9999 
-9999 -9999 -9999 0 0 1 0 0 6 9 13 0 4 0 0 0 7 1 0 112 0 12 0 2 0 1 -9999 -9999 -9999 -9999 -9999 -9999 -9999 -9999 -9999 -9999 -9999 -9999 -9999 -9999 -9999 -9999 -9999 -9999 -9999 
-9999 -9999 -9999 -9999 -9999 0 0 2 1 0 2 0 0 0 0 4 0 0 0 111 0 4 4 0 0 0 -9999 -9999 -9999 -9999 -9999 -9999 -9999 -9999 -9999 -9999 -9999 -9999 -9999 -9999 -9999 -9999 -9999 -9999 -9999 
-9999 -9999 -9999 -9999 -9999 -9999 -9999 0 0 0 0 0 0 0 1 0 0 0 59 50 0 0 2 0 -9999 -9999 -9999 -9999 -9999 -9999 -9999 -9999 -9999 -9999 -9999 -9999 -9999 -9999 -9999 -9999 -9999 -9999 -9999 -9999 -9999 
-9999 -9999 -9999 -9999 -9999 -9999 -9999 -9999 0 1 0 1 1 0 0 0 51 57 0 0 47 0 0 -9999 -9999 -9999 -9999 -9999 -9999 -9999 -9999 -9999 -9999 -9999 -9999 -9999 -9999 -9999 -9999 -9999 -9999 -9999 -9999 -9999 -9999 
-9999 -9999 -9999 -9999 -9999 -9999 -9999 -9999 -9999 0 6 0 0 35 37 0 47 2 0 0 45 1 0 -9999 -9999 -9999 -9999 -9999 -9999 -9999 -9999 -9999 -9999 -9999 -9999 -9999 -9999 -9999 -9999 -9999 -9999 -9999 -9999 -9999 -9999 
-9999 -9999 -9999 -9999 -9999 -9999 -9999 -9999 -9999 -9999 0 7 28 1 0 46 1 0 0 1 36 2 0 -9999 -9999 -9999 -9999 -9999 -9999 -9999 -9999 -9999 -9999 -9999 -9999 -9999 -9999 -9999 -9999 -9999 -9999 -9999 -9999 -9999 -9999 
-9999 -9999 -9999 -9999 -9999 -9999 -9999 -9999 -9999 0 3 17 0 0 3 0 0 0 0 33 1 0 0 -9999 -9999 -9999 -9999 -9999 -9999 -9999 -9999 -9999 -9999 -9999 -9999 -9999 -9999 -9999 -9999 -9999 -9999 -9999 -9999 -9999 -9999 
-9999 -9999 -9999 -9999 -9999 -9999 -9999 -9999 -9999 1 0 0 9 0 2 0 1 3 4 31 3 0 -9999 -9999 -9999 -9999 -9999 -9999 -9999 -9999 -9999 -9999 -9999 -9999 -9999 -9999 -9999 -9999 -9999 -9999 -9999 -9999 -9999 -9999 -9999 
-9999 -9999 -9999 -9999 -9999 -9999 -9999 -9999 -9999 0 0 4 1 0 1 0 1 2 18 2 0 0 -9999 -9999 -9999 -9999 -9999 -9999 -9999 -9999 -9999 -9999 -9999 -9999 -9999 -9999 -9999 -9999 -9999 -9999 -9999 -9999 -9999 -9999 -9999 
-9999 -9999 -9999 -9999 -9999 -9999 -9999 -9999 -9999 -9999 0 0 0 0 0 0 1 12 4 0 1 -9999 -9999 -9999 -9999 -9999 -9999 -9999 -9999 -9999 -9999 -9999 -9999 -9999 -9999 -9999 -9999 -9999 -9999 -9999 -9999 -9999 -9999 -9999 -9999 
-9999 -9999 -9999 -9999 -9999 -9999 -9999 -9999 -9999 -9999 -9999 -9999 -9999 -9999 0 0 5 0 1 0 0 -9999 -9999 -9999 -9999 -9999 -9999 -9999 -9999 -9999 -9999 -9999 -9999 -9999 -9999 -9999 -9999 -9999 -9999 -9999 -9999 -9999 -9999 -9999 -9999 
-9999 -9999 -9999 -9999 -9999 -9999 -9999 -9999 -9999 -9999 -9999 -9999 -9999 -9999 0 2 0 -9999 0 -9999 -9999 -9999 -9999 -9999 -9999 -9999 -9999 -9999 -9999 -9999 -9999 -9999 -9999 -9999 -9999 -9999 -9999 -9999 -9999 -9999 -9999 -9999 -9999 -9999 -9999 
