ncols         45
nrows         59
xllcorner     116.50986550247
yllcorner     26.46807586687
cellsize      0.008062025005
NODATA_value  -9999
-9999 -9999 -9999 -9999 -9999 -9999 -9999 -9999 -9999 -9999 -9999 -9999 -9999 -9999 -9999 -9999 -9999 4 -9999 -9999 -9999 -9999 -9999 -9999 -9999 -9999 -9999 -9999 -9999 -9999 -9999 -9999 -9999 -9999 -9999 -9999 -9999 -9999 -9999 -9999 -9999 -9999 -9999 -9999 -9999 
-9999 -9999 -9999 -9999 -9999 -9999 -9999 -9999 -9999 -9999 -9999 -9999 -9999 -9999 -9999 2 4 4 16 -9999 -9999 -9999 -9999 -9999 -9999 -9999 -9999 -9999 -9999 -9999 -9999 -9999 -9999 -9999 -9999 -9999 -9999 -9999 -9999 -9999 -9999 -9999 -9999 -9999 -9999 
-9999 -9999 -9999 -9999 -9999 -9999 -9999 -9999 -9999 -9999 -9999 -9999 -9999 -9999 2 4 4 4 16 8 4 -9999 -9999 -9999 -9999 -9999 -9999 -9999 -9999 -9999 -9999 -9999 -9999 -9999 -9999 -9999 -9999 -9999 -9999 -9999 -9999 -9999 -9999 -9999 -9999 
-9999 -9999 -9999 -9999 -9999 -9999 -9999 -9999 -9999 -9999 -9999 -9999 -9999 -9999 1 1 2 4 4 4 8 -9999 -9999 -9999 -9999 -9999 -9999 -9999 -9999 -9999 -9999 -9999 -9999 -9999 -9999 -9999 -9999 -9999 -9999 -9999 -9999 -9999 -9999 -9999 -9999 
-9999 -9999 -9999 -9999 -9999 -9999 -9999 -9999 -9999 -9999 -9999 -9999 -9999 128 64 64 1 4 4 16 16 -9999 -9999 -9999 -9999 -9999 -9999 -9999 -9999 -9999 -9999 -9999 -9999 -9999 -9999 -9999 -9999 -9999 -9999 -9999 -9999 -9999 -9999 -9999 -9999 
-9999 -9999 -9999 -9999 -9999 -9999 -9999 -9999 -9999 -9999 -9999 -9999 2 4 1 4 1 4 8 16 16 -9999 -9999 -9999 -9999 -9999 -9999 -9999 -9999 -9999 -9999 -9999 -9999 -9999 -9999 -9999 -9999 -9999 -9999 -9999 -9999 -9999 -9999 -9999 -9999 
-9999 -9999 -9999 -9999 -9999 -9999 -9999 -9999 -9999 -9999 -9999 -9999 4 4 4 8 1 4 16 4 8 -9999 -9999 -9999 -9999 -9999 -9999 -9999 -9999 -9999 -9999 -9999 -9999 -9999 -9999 -9999 -9999 -9999 -9999 -9999 -9999 -9999 -9999 -9999 -9999 
-9999 -9999 -9999 -9999 -9999 -9999 -9999 -9999 -9999 -9999 -9999 -9999 1 2 4 4 1 4 4 8 16 -9999 -9999 -9999 -9999 -9999 -9999 -9999 -9999 -9999 -9999 -9999 -9999 -9999 -9999 -9999 -9999 -9999 -9999 -9999 -9999 -9999 -9999 -9999 -9999 
-9999 -9999 -9999 -9999 -9999 -9999 -9999 -9999 -9999 -9999 -9999 2 4 4 1 2 1 2 4 16 32 -9999 -9999 -9999 -9999 -9999 -9999 -9999 -9999 -9999 -9999 -9999 -9999 -9999 -9999 -9999 -9999 -9999 -9999 -9999 -9999 -9999 -9999 -9999 -9999 
-9999 -9999 -9999 -9999 -9999 -9999 -9999 -9999 -9999 -9999 -9999 1 1 128 2 4 8 64 4 16 4 -9999 -9999 -9999 -9999 -9999 -9999 -9999 -9999 -9999 -9999 -9999 -9999 -9999 -9999 -9999 -9999 -9999 -9999 -9999 -9999 -9999 -9999 -9999 -9999 
-9999 -9999 -9999 -9999 -9999 -9999 -9999 -9999 -9999 1 1 1 64 64 1 2 16 1 4 16 8 16 16 -9999 -9999 -9999 -9999 -9999 -9999 -9999 -9999 -9999 -9999 -9999 -9999 -9999 -9999 -9999 -9999 -9999 -9999 -9999 -9999 -9999 -9999 
-9999 -9999 -9999 -9999 -9999 -9999 4 -9999 -9999 128 64 1 64 4 1 1 2 4 2 16 16 4 4 -9999 -9999 -9999 -9999 -9999 -9999 -9999 -9999 -9999 -9999 -9999 -9999 -9999 -9999 -9999 -9999 -9999 -9999 -9999 -9999 -9999 -9999 
-9999 -9999 -9999 -9999 -9999 4 4 8 2 1 2 4 1 2 4 1 1 2 16 4 1 4 8 16 -9999 -9999 -9999 -9999 -9999 -9999 -9999 -9999 -9999 -9999 -9999 -9999 -9999 -9999 -9999 -9999 -9999 -9999 -9999 -9999 -9999 
-9999 -9999 -9999 -9999 2 4 8 16 1 128 1 1 1 1 1 1 1 1 1 2 4 8 16 16 -9999 -9999 -9999 -9999 -9999 -9999 -9999 -9999 -9999 -9999 -9999 -9999 -9999 -9999 -9999 -9999 -9999 -9999 -9999 -9999 -9999 
-9999 -9999 -9999 1 1 2 4 4 8 1 128 64 128 1 128 64 128 16 64 64 4 16 64 4 4 4 16 -9999 -9999 -9999 -9999 -9999 -9999 -9999 -9999 -9999 -9999 -9999 -9999 -9999 -9999 -9999 -9999 -9999 -9999 
-9999 -9999 -9999 128 1 1 4 16 4 8 1 128 64 128 64 1 64 16 1 1 2 4 2 4 4 8 16 -9999 -9999 -9999 -9999 -9999 -9999 -9999 -9999 -9999 -9999 -9999 -9999 -9999 -9999 -9999 -9999 -9999 -9999 
-9999 -9999 -9999 2 4 1 2 4 4 16 1 64 128 64 64 64 64 32 128 1 1 2 16 4 4 16 32 -9999 4 4 16 -9999 -9999 -9999 -9999 -9999 -9999 -9999 1 64 -9999 -9999 -9999 -9999 -9999 
-9999 -9999 -9999 1 1 128 64 4 8 16 4 4 8 4 8 1 128 1 1 128 64 1 2 4 8 16 16 1 4 4 16 -9999 -9999 -9999 -9999 -9999 1 1 128 64 -9999 -9999 -9999 -9999 -9999 
-9999 -9999 -9999 -9999 64 1 1 2 2 4 4 4 4 8 16 1 64 1 128 16 1 1 1 2 16 4 4 1 4 8 16 4 4 8 -9999 -9999 1 128 64 64 -9999 -9999 -9999 -9999 -9999 
-9999 -9999 -9999 -9999 -9999 1 128 1 1 1 1 2 4 16 16 128 64 128 64 32 128 64 64 1 2 4 8 4 8 16 32 2 4 8 -9999 2 128 64 64 64 -9999 -9999 -9999 -9999 -9999 
-9999 -9999 -9999 -9999 -9999 128 1 128 64 64 4 4 4 4 8 2 4 4 4 4 4 4 4 4 1 4 16 8 16 64 64 1 4 16 4 4 8 128 1 64 -9999 -9999 -9999 -9999 -9999 
-9999 -9999 -9999 -9999 -9999 -9999 128 64 1 1 1 1 2 4 16 1 1 2 4 8 2 4 4 4 1 4 8 16 4 8 4 1 4 1 1 4 16 4 128 64 16 -9999 -9999 -9999 -9999 
-9999 -9999 -9999 -9999 -9999 -9999 1 128 128 64 64 64 1 4 16 1 64 1 2 4 1 4 4 8 4 8 4 4 8 4 2 4 4 1 4 2 4 128 64 64 16 -9999 -9999 -9999 -9999 
-9999 -9999 -9999 -9999 -9999 -9999 64 4 4 1 128 2 4 4 4 2 4 4 4 1 1 1 2 4 8 16 2 4 4 8 1 4 4 4 2 1 128 64 64 16 32 -9999 -9999 -9999 -9999 
-9999 -9999 -9999 -9999 2 4 4 8 4 1 2 1 4 8 16 1 4 1 128 16 128 64 1 2 4 4 1 1 2 16 4 1 1 128 64 4 64 64 16 8 16 16 -9999 -9999 -9999 
-9999 -9999 -9999 4 4 4 16 8 4 1 1 1 2 4 4 1 1 128 64 32 16 128 64 1 1 2 4 1 1 1 1 128 16 64 1 128 64 64 32 16 16 16 16 -9999 -9999 
-9999 -9999 -9999 1 1 2 4 16 4 4 4 128 1 1 2 1 128 64 64 64 16 8 1 128 64 64 128 16 64 1 128 64 16 8 128 64 64 64 64 16 32 16 16 8 16 
1 1 1 128 64 64 2 4 1 1 128 16 128 64 1 1 64 1 64 64 32 16 128 64 64 1 64 32 16 1 64 64 16 16 4 4 64 64 64 32 16 32 32 8 -9999 
4 128 64 64 32 1 1 128 128 64 64 32 32 1 64 1 64 32 64 64 64 64 32 1 1 128 64 64 32 128 64 64 64 1 4 4 128 16 16 64 32 16 16 16 -9999 
1 128 16 16 1 128 64 64 64 32 16 64 64 128 64 1 64 16 128 64 64 32 8 128 64 64 1 128 1 64 64 16 1 4 1 128 64 16 16 16 32 16 32 -9999 -9999 
-9999 64 32 16 128 64 128 64 32 64 16 1 64 64 1 128 64 32 128 16 16 16 16 64 1 128 128 1 4 64 16 4 1 1 128 64 64 16 32 16 8 16 8 -9999 -9999 
-9999 64 64 32 -9999 1 1 128 64 32 32 128 64 1 128 64 64 1 64 32 32 64 32 16 1 2 4 1 128 64 16 4 1 128 64 64 64 16 8 16 8 32 16 -9999 -9999 
-9999 -9999 -9999 -9999 -9999 1 64 64 64 64 64 32 128 128 2 1 2 1 128 16 64 32 4 4 4 1 4 1 64 16 1 1 1 64 64 64 16 32 16 4 8 8 -9999 -9999 -9999 
-9999 -9999 -9999 -9999 -9999 -9999 64 32 -9999 -9999 -9999 128 64 128 1 1 1 128 64 16 64 1 1 1 2 4 1 128 64 16 128 64 1 64 64 64 16 8 16 4 16 16 8 -9999 -9999 
-9999 -9999 -9999 -9999 -9999 -9999 -9999 -9999 -9999 -9999 4 1 2 4 4 64 64 64 64 32 2 2 2 4 1 1 128 16 4 16 4 1 4 64 1 64 32 16 32 16 16 16 16 -9999 -9999 
-9999 -9999 -9999 -9999 -9999 -9999 -9999 4 8 4 2 4 1 1 2 4 4 4 8 2 4 1 1 4 128 64 64 32 16 16 2 1 1 1 128 64 16 32 64 64 32 16 8 32 -9999 
-9999 -9999 -9999 -9999 -9999 -9999 -9999 4 16 4 4 4 4 2 4 4 8 16 4 8 2 4 1 4 4 8 128 64 64 32 2 4 1 128 64 16 64 64 64 32 64 16 16 16 -9999 
-9999 -9999 -9999 -9999 -9999 -9999 -9999 2 4 2 4 2 4 2 4 4 16 4 8 16 1 2 4 4 8 16 16 32 2 4 1 1 128 64 64 16 16 16 128 1 64 16 16 -9999 -9999 
-9999 -9999 -9999 -9999 -9999 -9999 1 1 4 1 1 1 2 4 4 8 16 4 16 4 1 1 2 4 16 64 16 2 4 4 1 128 16 64 64 32 32 16 4 128 64 32 -9999 -9999 -9999 
-9999 -9999 -9999 -9999 -9999 -9999 1 1 4 4 64 128 1 1 2 4 4 4 8 8 128 1 2 4 16 4 4 4 1 1 128 64 64 32 -9999 1 64 16 8 16 -9999 -9999 -9999 -9999 -9999 
-9999 -9999 -9999 -9999 -9999 -9999 128 1 1 2 4 4 128 1 1 4 8 16 16 4 8 1 1 2 4 1 1 128 16 64 64 64 32 16 -9999 -9999 64 32 -9999 -9999 -9999 -9999 -9999 -9999 -9999 
-9999 -9999 -9999 -9999 -9999 -9999 2 4 64 1 1 2 16 128 1 2 16 64 1 4 16 4 1 1 1 128 16 64 64 64 32 64 64 -9999 -9999 -9999 -9999 -9999 -9999 -9999 -9999 -9999 -9999 -9999 -9999 
-9999 -9999 -9999 -9999 -9999 -9999 1 1 2 4 1 1 1 128 1 1 2 16 4 4 16 2 4 1 128 64 16 8 4 8 64 32 64 -9999 -9999 -9999 -9999 -9999 -9999 -9999 -9999 -9999 -9999 -9999 -9999 
-9999 -9999 -9999 -9999 -9999 -9999 128 64 1 1 128 1 2 4 1 64 64 1 2 4 16 4 1 128 64 16 32 16 16 16 16 -9999 -9999 -9999 -9999 -9999 -9999 -9999 -9999 -9999 -9999 -9999 -9999 -9999 -9999 
-9999 -9999 -9999 -9999 -9999 1 128 64 1 128 16 64 2 4 1 2 4 1 1 2 4 1 128 64 16 64 64 64 64 32 -9999 -9999 -9999 -9999 -9999 -9999 -9999 -9999 -9999 -9999 -9999 -9999 -9999 -9999 -9999 
-9999 -9999 -9999 -9999 1 128 64 64 128 64 32 2 4 2 1 64 1 1 1 1 1 128 16 64 32 16 64 32 -9999 -9999 -9999 -9999 -9999 -9999 -9999 -9999 -9999 -9999 -9999 -9999 -9999 -9999 -9999 -9999 -9999 
-9999 -9999 1 1 128 64 32 128 64 4 1 1 128 1 128 64 64 128 64 1 128 64 16 16 64 16 -9999 -9999 -9999 -9999 -9999 -9999 -9999 -9999 -9999 -9999 -9999 -9999 -9999 -9999 -9999 -9999 -9999 -9999 -9999 
-9999 -9999 -9999 64 64 64 128 1 1 1 128 1 64 64 64 1 128 64 64 64 64 64 16 8 16 32 -9999 -9999 -9999 -9999 -9999 -9999 -9999 -9999 -9999 -9999 -9999 -9999 -9999 -9999 -9999 -9999 -9999 -9999 -9999 
-9999 -9999 -9999 -9999 -9999 64 1 128 64 64 64 128 64 32 1 128 64 64 4 64 128 64 32 16 32 64 -9999 -9999 -9999 -9999 -9999 -9999 -9999 -9999 -9999 -9999 -9999 -9999 -9999 -9999 -9999 -9999 -9999 -9999 -9999 
-9999 -9999 -9999 -9999 -9999 -9999 -9999 64 64 128 64 4 4 1 128 64 4 4 128 64 16 64 32 16 -9999 -9999 -9999 -9999 -9999 -9999 -9999 -9999 -9999 -9999 -9999 -9999 -9999 -9999 -9999 -9999 -9999 -9999 -9999 -9999 -9999 
-9999 -9999 -9999 -9999 -9999 -9999 -9999 -9999 1 2 4 8 2 4 4 1 1 128 16 64 32 16 64 -9999 -9999 -9999 -9999 -9999 -9999 -9999 -9999 -9999 -9999 -9999 -9999 -9999 -9999 -9999 -9999 -9999 -9999 -9999 -9999 -9999 -9999 
-9999 -9999 -9999 -9999 -9999 -9999 -9999 -9999 -9999 1 2 2 1 1 2 128 64 64 16 1 64 16 16 -9999 -9999 -9999 -9999 -9999 -9999 -9999 -9999 -9999 -9999 -9999 -9999 -9999 -9999 -9999 -9999 -9999 -9999 -9999 -9999 -9999 -9999 
-9999 -9999 -9999 -9999 -9999 -9999 -9999 -9999 -9999 -9999 2 1 128 64 1 128 16 64 1 128 64 32 16 -9999 -9999 -9999 -9999 -9999 -9999 -9999 -9999 -9999 -9999 -9999 -9999 -9999 -9999 -9999 -9999 -9999 -9999 -9999 -9999 -9999 -9999 
-9999 -9999 -9999 -9999 -9999 -9999 -9999 -9999 -9999 1 1 128 64 64 128 64 64 4 1 128 64 16 32 -9999 -9999 -9999 -9999 -9999 -9999 -9999 -9999 -9999 -9999 -9999 -9999 -9999 -9999 -9999 -9999 -9999 -9999 -9999 -9999 -9999 -9999 
-9999 -9999 -9999 -9999 -9999 -9999 -9999 -9999 -9999 128 128 64 32 16 64 1 1 1 1 64 16 16 -9999 -9999 -9999 -9999 -9999 -9999 -9999 -9999 -9999 -9999 -9999 -9999 -9999 -9999 -9999 -9999 -9999 -9999 -9999 -9999 -9999 -9999 -9999 
-9999 -9999 -9999 -9999 -9999 -9999 -9999 -9999 -9999 64 1 128 64 32 64 1 1 4 128 64 64 32 -9999 -9999 -9999 -9999 -9999 -9999 -9999 -9999 -9999 -9999 -9999 -9999 -9999 -9999 -9999 -9999 -9999 -9999 -9999 -9999 -9999 -9999 -9999 
-9999 -9999 -9999 -9999 -9999 -9999 -9999 -9999 -9999 -9999 128 64 32 32 64 1 1 128 64 16 32 -9999 -9999 -9999 -9999 -9999 -9999 -9999 -9999 -9999 -9999 -9999 -9999 -9999 -9999 -9999 -9999 -9999 -9999 -9999 -9999 -9999 -9999 -9999 -9999 
-9999 -9999 -9999 -9999 -9999 -9999 -9999 -9999 -9999 -9999 -9999 -9999 -9999 -9999 2 1 128 64 64 32 64 -9999 -9999 -9999 -9999 -9999 -9999 -9999 -9999 -9999 -9999 -9999 -9999 -9999 -9999 -9999 -9999 -9999 -9999 -9999 -9999 -9999 -9999 -9999 -9999 
-9999 -9999 -9999 -9999 -9999 -9999 -9999 -9999 -9999 -9999 -9999 -9999 -9999 -9999 1 128 64 -9999 64 -9999 -9999 -9999 -9999 -9999 -9999 -9999 -9999 -9999 -9999 -9999 -9999 -9999 -9999 -9999 -9999 -9999 -9999 -9999 -9999 -9999 -9999 -9999 -9999 -9999 -9999 
