ncols         45
nrows         59
xllcorner     116.50986550247
yllcorner     26.468075866856
cellsize      0.008062025005
NODATA_value  -9999
-9999 -9999 -9999 -9999 -9999 -9999 -9999 -9999 -9999 -9999 -9999 -9999 -9999 -9999 -9999 -9999 -9999 11808 -9999 -9999 -9999 -9999 -9999 -9999 -9999 -9999 -9999 -9999 -9999 -9999 -9999 -9999 -9999 -9999 -9999 -9999 -9999 -9999 -9999 -9999 -9999 -9999 -9999 -9999 -9999 
-9999 -9999 -9999 -9999 -9999 -9999 -9999 -9999 -9999 -9999 -9999 -9999 -9999 -9999 -9999 11805 11604 11604 11808 -9999 -9999 -9999 -9999 -9999 -9999 -9999 -9999 -9999 -9999 -9999 -9999 -9999 -9999 -9999 -9999 -9999 -9999 -9999 -9999 -9999 -9999 -9999 -9999 -9999 -9999 
-9999 -9999 -9999 -9999 -9999 -9999 -9999 -9999 -9999 -9999 -9999 -9999 -9999 -9999 11805 11805 11604 11604 11808 11808 11808 -9999 -9999 -9999 -9999 -9999 -9999 -9999 -9999 -9999 -9999 -9999 -9999 -9999 -9999 -9999 -9999 -9999 -9999 -9999 -9999 -9999 -9999 -9999 -9999 
-9999 -9999 -9999 -9999 -9999 -9999 -9999 -9999 -9999 -9999 -9999 -9999 -9999 -9999 11805 11805 11805 11604 11604 11808 11808 -9999 -9999 -9999 -9999 -9999 -9999 -9999 -9999 -9999 -9999 -9999 -9999 -9999 -9999 -9999 -9999 -9999 -9999 -9999 -9999 -9999 -9999 -9999 -9999 
-9999 -9999 -9999 -9999 -9999 -9999 -9999 -9999 -9999 -9999 -9999 -9999 -9999 11805 11805 11805 11805 11805 11604 11808 11808 -9999 -9999 -9999 -9999 -9999 -9999 -9999 -9999 -9999 -9999 -9999 -9999 -9999 -9999 -9999 -9999 -9999 -9999 -9999 -9999 -9999 -9999 -9999 -9999 
-9999 -9999 -9999 -9999 -9999 -9999 -9999 -9999 -9999 -9999 -9999 -9999 11805 11805 11805 11805 11604 11805 11604 11808 11808 -9999 -9999 -9999 -9999 -9999 -9999 -9999 -9999 -9999 -9999 -9999 -9999 -9999 -9999 -9999 -9999 -9999 -9999 -9999 -9999 -9999 -9999 -9999 -9999 
-9999 -9999 -9999 -9999 -9999 -9999 -9999 -9999 -9999 -9999 -9999 -9999 11605 11605 11805 11805 11604 11604 11604 11808 11808 -9999 -9999 -9999 -9999 -9999 -9999 -9999 -9999 -9999 -9999 -9999 -9999 -9999 -9999 -9999 -9999 -9999 -9999 -9999 -9999 -9999 -9999 -9999 -9999 
-9999 -9999 -9999 -9999 -9999 -9999 -9999 -9999 -9999 -9999 -9999 -9999 11605 11605 11805 11605 11805 11604 11604 11808 11808 -9999 -9999 -9999 -9999 -9999 -9999 -9999 -9999 -9999 -9999 -9999 -9999 -9999 -9999 -9999 -9999 -9999 -9999 -9999 -9999 -9999 -9999 -9999 -9999 
-9999 -9999 -9999 -9999 -9999 -9999 -9999 -9999 -9999 -9999 -9999 11605 11605 11605 11805 11605 11805 11604 11604 11808 11808 -9999 -9999 -9999 -9999 -9999 -9999 -9999 -9999 -9999 -9999 -9999 -9999 -9999 -9999 -9999 -9999 -9999 -9999 -9999 -9999 -9999 -9999 -9999 -9999 
-9999 -9999 -9999 -9999 -9999 -9999 -9999 -9999 -9999 -9999 -9999 11808 11605 11605 11805 11605 11605 11805 11604 11808 11808 -9999 -9999 -9999 -9999 -9999 -9999 -9999 -9999 -9999 -9999 -9999 -9999 -9999 -9999 -9999 -9999 -9999 -9999 -9999 -9999 -9999 -9999 -9999 -9999 
-9999 -9999 -9999 -9999 -9999 -9999 -9999 -9999 -9999 11808 11808 11808 11605 11605 11605 11605 11605 11805 11605 11808 11605 11605 11605 -9999 -9999 -9999 -9999 -9999 -9999 -9999 -9999 -9999 -9999 -9999 -9999 -9999 -9999 -9999 -9999 -9999 -9999 -9999 -9999 -9999 -9999 
-9999 -9999 -9999 -9999 -9999 -9999 11817 -9999 -9999 11808 11808 11605 11605 11808 11808 11808 11605 11605 11605 11605 11605 11605 11605 -9999 -9999 -9999 -9999 -9999 -9999 -9999 -9999 -9999 -9999 -9999 -9999 -9999 -9999 -9999 -9999 -9999 -9999 -9999 -9999 -9999 -9999 
-9999 -9999 -9999 -9999 -9999 11817 11817 11817 11817 11808 11808 11808 11808 11808 11808 11808 11808 11605 11605 11605 11605 11605 11808 11808 -9999 -9999 -9999 -9999 -9999 -9999 -9999 -9999 -9999 -9999 -9999 -9999 -9999 -9999 -9999 -9999 -9999 -9999 -9999 -9999 -9999 
-9999 -9999 -9999 -9999 11817 11817 11817 11817 11817 11817 11808 11808 11604 11604 11604 11604 11808 11808 11605 11605 11605 11605 11808 11808 -9999 -9999 -9999 -9999 -9999 -9999 -9999 -9999 -9999 -9999 -9999 -9999 -9999 -9999 -9999 -9999 -9999 -9999 -9999 -9999 -9999 
-9999 -9999 -9999 11817 11817 11817 11604 11817 11817 11817 11817 11808 11808 11808 11604 11808 11808 11808 11808 11605 11605 11605 11808 11808 11604 11808 11808 -9999 -9999 -9999 -9999 -9999 -9999 -9999 -9999 -9999 -9999 -9999 -9999 -9999 -9999 -9999 -9999 -9999 -9999 
-9999 -9999 -9999 11817 11817 11604 11604 11604 11817 11817 11817 11808 11808 11808 11808 11808 11808 11808 11808 11808 11808 11808 11808 11604 11808 11808 11604 -9999 -9999 -9999 -9999 -9999 -9999 -9999 -9999 -9999 -9999 -9999 -9999 -9999 -9999 -9999 -9999 -9999 -9999 
-9999 -9999 -9999 11817 11817 11817 11604 11604 11604 11604 11817 11808 11808 11808 11808 11808 11808 11808 11808 11808 11808 11808 11604 11604 11808 11808 11604 -9999 11808 11808 11604 -9999 -9999 -9999 -9999 -9999 -9999 -9999 11805 11805 -9999 -9999 -9999 -9999 -9999 
-9999 -9999 -9999 11817 11817 11817 11808 11808 11808 11604 11808 11808 11808 11808 11808 11808 11604 11604 11604 11604 11604 11604 11604 11604 11808 11808 11604 11604 11808 11604 11604 -9999 -9999 -9999 -9999 -9999 11805 11805 11805 11805 -9999 -9999 -9999 -9999 -9999 
-9999 -9999 -9999 -9999 11817 11817 11808 11808 11604 11604 11808 11808 11808 11808 11808 11808 11808 11808 11604 11604 11604 11604 11604 11604 11604 11808 11808 11808 11808 11604 11604 11805 11805 11805 -9999 -9999 11805 11805 11805 11805 -9999 -9999 -9999 -9999 -9999 
-9999 -9999 -9999 -9999 -9999 11817 11808 11808 11808 11808 11604 11604 11604 11808 11808 11808 11808 11808 11808 11808 11604 11604 11808 11604 11604 11808 11808 11808 11604 11604 11808 11808 11805 11805 -9999 11375 11375 11805 11805 11805 -9999 -9999 -9999 -9999 -9999 
-9999 -9999 -9999 -9999 -9999 11817 11817 11808 11808 11808 11808 11604 11604 11808 11808 11808 11808 11604 11808 11604 11604 11604 11808 11808 11808 11808 11808 11808 11808 11604 11808 11808 11808 11375 11375 11375 11375 11375 11805 11805 -9999 -9999 -9999 -9999 -9999 
-9999 -9999 -9999 -9999 -9999 -9999 11817 11817 11817 11817 11808 11808 11604 11604 11808 11808 11808 11604 11604 11604 11808 11808 11808 11808 11808 11808 11808 11808 11808 11808 11808 11808 11375 11375 11375 11375 11375 11375 11375 11604 11604 -9999 -9999 -9999 -9999 
-9999 -9999 -9999 -9999 -9999 -9999 11817 11817 11817 11817 11808 11808 11808 11808 11808 11808 11808 11808 11808 11808 11808 11808 11808 11808 11808 11808 11808 11808 11808 11808 11808 11808 11375 11375 11375 11375 11375 11375 11375 11604 11604 -9999 -9999 -9999 -9999 
-9999 -9999 -9999 -9999 -9999 -9999 11817 11817 11808 11808 11808 11604 11808 11808 11808 11808 11604 11604 11604 11604 11808 11808 11808 11808 11808 11808 11808 11808 11808 11808 11808 11808 11375 11375 11375 11375 11375 11375 11375 11604 11604 -9999 -9999 -9999 -9999 
-9999 -9999 -9999 -9999 11817 11808 11808 11808 11808 11808 11808 11604 11808 11808 11808 11808 11604 11604 11808 11604 11808 11808 11808 11808 11808 11808 11808 11808 11808 11808 11808 11808 11375 11375 11375 11604 11604 11604 11375 11375 11814 11814 -9999 -9999 -9999 
-9999 -9999 -9999 11814 11604 11808 11808 11808 11808 11808 11808 11604 11808 11808 11808 11808 11808 11808 11808 11808 11808 11808 11808 11808 11808 11808 11808 11808 11808 11808 11808 11375 11375 11375 11375 11375 11375 11604 11604 11375 11814 11814 11839 -9999 -9999 
-9999 -9999 -9999 11604 11604 11604 11604 11604 11604 11604 11604 11808 11808 11808 11808 11604 11808 11808 11808 11808 11808 11808 11808 11808 11808 11808 11808 11808 11808 11808 11808 11375 11375 11375 11375 11375 11604 11604 11604 11604 11814 11814 11839 11839 11839 
11814 11604 11604 11604 11814 11604 11808 11604 11604 11604 11808 11808 11808 11808 11808 11604 11808 11808 11808 11604 11808 11808 11808 11808 11808 11808 11808 11604 11604 11808 11375 11375 11375 11375 11375 11375 11604 11808 11808 11808 11814 11814 11839 11839 -9999 
11814 11814 11814 11814 11814 11604 11808 11808 11808 11604 11604 11808 11808 11808 11604 11604 11808 11808 11604 11604 11808 11808 11808 11808 11808 11808 11808 11808 11604 11604 11604 11375 11375 11375 11375 11375 11604 11808 11808 11808 11814 11814 11839 11839 -9999 
11814 11814 11814 11814 11814 11814 11808 11808 11808 11808 11808 11808 11808 11808 11808 11604 11808 11808 11604 11808 11808 11808 11604 11808 11808 11808 11808 11808 11808 11604 11604 11375 11375 11375 11604 11604 11808 11808 11808 11808 11814 11814 11839 -9999 -9999 
-9999 11814 11814 11814 11814 11814 11814 11808 11808 11808 11814 11814 11808 11808 11604 11808 11808 11604 11604 11808 11604 11604 11604 11808 11808 11808 11808 11808 11604 11604 11604 11375 11375 11375 11604 11604 11808 11808 11808 11808 11808 11814 11839 -9999 -9999 
-9999 11814 11814 11814 -9999 11814 11814 11808 11808 11814 11814 11814 11814 11814 11814 11814 11808 11808 11604 11604 11604 11604 11808 11808 11808 11604 11808 11604 11604 11375 11375 11375 11805 11805 11604 11604 11604 11808 11808 11808 11808 11814 11814 -9999 -9999 
-9999 -9999 -9999 -9999 -9999 11814 11814 11814 11814 11814 11814 11604 11814 11814 11814 11814 11604 11604 11604 11805 11805 11805 11805 11604 11604 11604 11808 11604 11604 11375 11375 11375 11805 11805 11604 11604 11604 11808 11808 11808 11808 11814 -9999 -9999 -9999 
-9999 -9999 -9999 -9999 -9999 -9999 11604 11604 -9999 -9999 -9999 11604 11604 11814 11814 11814 11814 11805 11805 11805 11805 11805 11805 11805 11805 11375 11375 11604 11604 11375 11375 11805 11805 11604 11604 11808 11808 11808 11808 11808 11808 11808 11814 -9999 -9999 
-9999 -9999 -9999 -9999 -9999 -9999 -9999 -9999 -9999 -9999 11814 11814 11814 11814 11805 11805 11805 11805 11805 11805 11805 11805 11805 11805 11805 11375 11375 11604 11375 11375 11375 11805 11805 11604 11604 11604 11604 11604 11604 11604 11808 11808 11814 -9999 -9999 
-9999 -9999 -9999 -9999 -9999 -9999 -9999 11814 11814 11814 11805 11805 11805 11805 11805 11805 11805 11805 11805 11805 11805 11805 11604 11604 11805 11805 11375 11604 11604 11375 11805 11805 11805 11604 11604 11808 11808 11808 11808 11604 11604 11808 11808 11814 -9999 
-9999 -9999 -9999 -9999 -9999 -9999 -9999 11604 11814 11805 11805 11805 11805 11805 11805 11805 11805 11805 11805 11805 11604 11604 11604 11805 11805 11805 11375 11604 11375 11805 11805 11805 11805 11604 11808 11808 11808 11808 11808 11604 11808 11808 11808 11808 -9999 
-9999 -9999 -9999 -9999 -9999 -9999 -9999 11604 11805 11805 11805 11805 11805 11805 11805 11805 11805 11805 11805 11805 11604 11604 11604 11805 11805 11805 11375 11375 11805 11805 11805 11604 11604 11808 11808 11808 11808 11814 11814 11814 11814 11808 11808 -9999 -9999 
-9999 -9999 -9999 -9999 -9999 -9999 11814 11604 11805 11805 11805 11805 11805 11805 11805 11805 11805 11805 11805 11805 11604 11604 11604 11805 11805 11805 11375 11375 11805 11805 11805 11604 11604 11808 11808 11808 11808 11814 11814 11814 11814 11808 -9999 -9999 -9999 
-9999 -9999 -9999 -9999 -9999 -9999 11814 11805 11805 11805 11805 11805 11805 11805 11805 11805 11805 11805 11805 11805 11805 11805 11604 11805 11805 11805 11805 11805 11805 11604 11604 11604 11808 11808 -9999 11808 11808 11808 11814 11814 -9999 -9999 -9999 -9999 -9999 
-9999 -9999 -9999 -9999 -9999 -9999 11805 11805 11604 11604 11805 11805 11805 11805 11805 11604 11805 11805 11805 11805 11805 11805 11604 11604 11805 11805 11805 11805 11805 11805 11805 11604 11808 11808 -9999 -9999 11808 11808 -9999 -9999 -9999 -9999 -9999 -9999 -9999 
-9999 -9999 -9999 -9999 -9999 -9999 11805 11805 11805 11604 11604 11805 11805 11805 11604 11604 11604 11604 11604 11805 11805 11805 11805 11805 11805 11805 11805 11805 11805 11805 11604 11604 11805 -9999 -9999 -9999 -9999 -9999 -9999 -9999 -9999 -9999 -9999 -9999 -9999 
-9999 -9999 -9999 -9999 -9999 -9999 11604 11604 11805 11805 11805 11604 11805 11805 11805 11604 11805 11805 11604 11805 11805 11805 11805 11805 11805 11805 11805 11805 11805 11805 11604 11805 11805 -9999 -9999 -9999 -9999 -9999 -9999 -9999 -9999 -9999 -9999 -9999 -9999 
-9999 -9999 -9999 -9999 -9999 -9999 11805 11604 11604 11805 11604 11604 11805 11805 11805 11805 11805 11805 11805 11805 11805 11805 11805 11604 11805 11805 11805 11805 11805 11805 11604 -9999 -9999 -9999 -9999 -9999 -9999 -9999 -9999 -9999 -9999 -9999 -9999 -9999 -9999 
-9999 -9999 -9999 -9999 -9999 11815 11805 11604 11604 11805 11805 11805 11805 11805 11805 11805 11805 11604 11805 11805 11805 11805 11604 11604 11805 11805 11805 11805 11814 11805 -9999 -9999 -9999 -9999 -9999 -9999 -9999 -9999 -9999 -9999 -9999 -9999 -9999 -9999 -9999 
-9999 -9999 -9999 -9999 11840 11815 11815 11805 11805 11805 11805 11805 11805 11805 11604 11604 11604 11604 11604 11604 11604 11604 11604 11604 11805 11805 11805 11814 -9999 -9999 -9999 -9999 -9999 -9999 -9999 -9999 -9999 -9999 -9999 -9999 -9999 -9999 -9999 -9999 -9999 
-9999 -9999 11840 11840 11851 11851 11815 11815 11805 11805 11805 11604 11604 11604 11604 11604 11604 11604 11805 11805 11604 11604 11805 11805 11805 11805 -9999 -9999 -9999 -9999 -9999 -9999 -9999 -9999 -9999 -9999 -9999 -9999 -9999 -9999 -9999 -9999 -9999 -9999 -9999 
-9999 -9999 -9999 11840 11851 11851 11851 11815 11815 11805 11805 11805 11805 11805 11805 11805 11604 11604 11805 11604 11604 11604 11375 11805 11805 11814 -9999 -9999 -9999 -9999 -9999 -9999 -9999 -9999 -9999 -9999 -9999 -9999 -9999 -9999 -9999 -9999 -9999 -9999 -9999 
-9999 -9999 -9999 -9999 -9999 11851 11851 11851 11815 11815 11815 11815 11815 11805 11805 11805 11805 11805 11375 11375 11375 11375 11375 11805 11805 11814 -9999 -9999 -9999 -9999 -9999 -9999 -9999 -9999 -9999 -9999 -9999 -9999 -9999 -9999 -9999 -9999 -9999 -9999 -9999 
-9999 -9999 -9999 -9999 -9999 -9999 -9999 11851 11851 11851 11851 11815 11815 11805 11805 11805 11805 11805 11375 11375 11375 11375 11805 11805 -9999 -9999 -9999 -9999 -9999 -9999 -9999 -9999 -9999 -9999 -9999 -9999 -9999 -9999 -9999 -9999 -9999 -9999 -9999 -9999 -9999 
-9999 -9999 -9999 -9999 -9999 -9999 -9999 -9999 11851 11851 11851 11815 11805 11805 11805 11805 11375 11375 11375 11604 11805 11805 11805 -9999 -9999 -9999 -9999 -9999 -9999 -9999 -9999 -9999 -9999 -9999 -9999 -9999 -9999 -9999 -9999 -9999 -9999 -9999 -9999 -9999 -9999 
-9999 -9999 -9999 -9999 -9999 -9999 -9999 -9999 -9999 11851 11815 11815 11805 11805 11805 11805 11805 11375 11805 11604 11805 11805 11805 -9999 -9999 -9999 -9999 -9999 -9999 -9999 -9999 -9999 -9999 -9999 -9999 -9999 -9999 -9999 -9999 -9999 -9999 -9999 -9999 -9999 -9999 
-9999 -9999 -9999 -9999 -9999 -9999 -9999 -9999 -9999 -9999 11815 11805 11805 11805 11805 11805 11805 11805 11805 11604 11805 11805 11805 -9999 -9999 -9999 -9999 -9999 -9999 -9999 -9999 -9999 -9999 -9999 -9999 -9999 -9999 -9999 -9999 -9999 -9999 -9999 -9999 -9999 -9999 
-9999 -9999 -9999 -9999 -9999 -9999 -9999 -9999 -9999 11815 11815 11375 11375 11375 11805 11375 11805 11805 11604 11604 11805 11805 11805 -9999 -9999 -9999 -9999 -9999 -9999 -9999 -9999 -9999 -9999 -9999 -9999 -9999 -9999 -9999 -9999 -9999 -9999 -9999 -9999 -9999 -9999 
-9999 -9999 -9999 -9999 -9999 -9999 -9999 -9999 -9999 11375 11375 11375 11375 11375 11375 11375 11805 11805 11604 11805 11805 11805 -9999 -9999 -9999 -9999 -9999 -9999 -9999 -9999 -9999 -9999 -9999 -9999 -9999 -9999 -9999 -9999 -9999 -9999 -9999 -9999 -9999 -9999 -9999 
-9999 -9999 -9999 -9999 -9999 -9999 -9999 -9999 -9999 11375 11375 11375 11815 11375 11375 11375 11805 11604 11604 11805 11805 11805 -9999 -9999 -9999 -9999 -9999 -9999 -9999 -9999 -9999 -9999 -9999 -9999 -9999 -9999 -9999 -9999 -9999 -9999 -9999 -9999 -9999 -9999 -9999 
-9999 -9999 -9999 -9999 -9999 -9999 -9999 -9999 -9999 -9999 11815 11815 11815 11815 11815 11805 11805 11604 11805 11805 11805 -9999 -9999 -9999 -9999 -9999 -9999 -9999 -9999 -9999 -9999 -9999 -9999 -9999 -9999 -9999 -9999 -9999 -9999 -9999 -9999 -9999 -9999 -9999 -9999 
-9999 -9999 -9999 -9999 -9999 -9999 -9999 -9999 -9999 -9999 -9999 -9999 -9999 -9999 11815 11815 11805 11805 11805 11805 11805 -9999 -9999 -9999 -9999 -9999 -9999 -9999 -9999 -9999 -9999 -9999 -9999 -9999 -9999 -9999 -9999 -9999 -9999 -9999 -9999 -9999 -9999 -9999 -9999 
-9999 -9999 -9999 -9999 -9999 -9999 -9999 -9999 -9999 -9999 -9999 -9999 -9999 -9999 11815 11805 11604 -9999 11805 -9999 -9999 -9999 -9999 -9999 -9999 -9999 -9999 -9999 -9999 -9999 -9999 -9999 -9999 -9999 -9999 -9999 -9999 -9999 -9999 -9999 -9999 -9999 -9999 -9999 -9999 
