ncols         45
nrows         59
xllcorner     116.50986550247
yllcorner     26.468075866856
cellsize      0.008062025005
NODATA_value  -9999
-9999 -9999 -9999 -9999 -9999 -9999 -9999 -9999 -9999 -9999 -9999 -9999 -9999 -9999 -9999 -9999 -9999 11 -9999 -9999 -9999 -9999 -9999 -9999 -9999 -9999 -9999 -9999 -9999 -9999 -9999 -9999 -9999 -9999 -9999 -9999 -9999 -9999 -9999 -9999 -9999 -9999 -9999 -9999 -9999 
-9999 -9999 -9999 -9999 -9999 -9999 -9999 -9999 -9999 -9999 -9999 -9999 -9999 -9999 -9999 7 11 7 11 -9999 -9999 -9999 -9999 -9999 -9999 -9999 -9999 -9999 -9999 -9999 -9999 -9999 -9999 -9999 -9999 -9999 -9999 -9999 -9999 -9999 -9999 -9999 -9999 -9999 -9999 
-9999 -9999 -9999 -9999 -9999 -9999 -9999 -9999 -9999 -9999 -9999 -9999 -9999 -9999 10 10 11 11 6 6 6 -9999 -9999 -9999 -9999 -9999 -9999 -9999 -9999 -9999 -9999 -9999 -9999 -9999 -9999 -9999 -9999 -9999 -9999 -9999 -9999 -9999 -9999 -9999 -9999 
-9999 -9999 -9999 -9999 -9999 -9999 -9999 -9999 -9999 -9999 -9999 -9999 -9999 -9999 7 7 7 10 6 11 6 -9999 -9999 -9999 -9999 -9999 -9999 -9999 -9999 -9999 -9999 -9999 -9999 -9999 -9999 -9999 -9999 -9999 -9999 -9999 -9999 -9999 -9999 -9999 -9999 
-9999 -9999 -9999 -9999 -9999 -9999 -9999 -9999 -9999 -9999 -9999 -9999 -9999 6 11 11 11 11 11 11 11 -9999 -9999 -9999 -9999 -9999 -9999 -9999 -9999 -9999 -9999 -9999 -9999 -9999 -9999 -9999 -9999 -9999 -9999 -9999 -9999 -9999 -9999 -9999 -9999 
-9999 -9999 -9999 -9999 -9999 -9999 -9999 -9999 -9999 -9999 -9999 -9999 7 7 11 11 11 11 11 11 7 -9999 -9999 -9999 -9999 -9999 -9999 -9999 -9999 -9999 -9999 -9999 -9999 -9999 -9999 -9999 -9999 -9999 -9999 -9999 -9999 -9999 -9999 -9999 -9999 
-9999 -9999 -9999 -9999 -9999 -9999 -9999 -9999 -9999 -9999 -9999 -9999 7 7 7 7 11 11 11 11 11 -9999 -9999 -9999 -9999 -9999 -9999 -9999 -9999 -9999 -9999 -9999 -9999 -9999 -9999 -9999 -9999 -9999 -9999 -9999 -9999 -9999 -9999 -9999 -9999 
-9999 -9999 -9999 -9999 -9999 -9999 -9999 -9999 -9999 -9999 -9999 -9999 6 6 1 6 7 7 7 11 11 -9999 -9999 -9999 -9999 -9999 -9999 -9999 -9999 -9999 -9999 -9999 -9999 -9999 -9999 -9999 -9999 -9999 -9999 -9999 -9999 -9999 -9999 -9999 -9999 
-9999 -9999 -9999 -9999 -9999 -9999 -9999 -9999 -9999 -9999 -9999 1 1 1 1 6 6 11 11 11 11 -9999 -9999 -9999 -9999 -9999 -9999 -9999 -9999 -9999 -9999 -9999 -9999 -9999 -9999 -9999 -9999 -9999 -9999 -9999 -9999 -9999 -9999 -9999 -9999 
-9999 -9999 -9999 -9999 -9999 -9999 -9999 -9999 -9999 -9999 -9999 6 1 1 1 1 6 7 11 11 11 -9999 -9999 -9999 -9999 -9999 -9999 -9999 -9999 -9999 -9999 -9999 -9999 -9999 -9999 -9999 -9999 -9999 -9999 -9999 -9999 -9999 -9999 -9999 -9999 
-9999 -9999 -9999 -9999 -9999 -9999 -9999 -9999 -9999 7 6 6 6 6 1 1 6 6 6 6 11 11 11 -9999 -9999 -9999 -9999 -9999 -9999 -9999 -9999 -9999 -9999 -9999 -9999 -9999 -9999 -9999 -9999 -9999 -9999 -9999 -9999 -9999 -9999 
-9999 -9999 -9999 -9999 -9999 -9999 11 -9999 -9999 7 7 6 1 1 1 1 1 1 6 11 11 11 6 -9999 -9999 -9999 -9999 -9999 -9999 -9999 -9999 -9999 -9999 -9999 -9999 -9999 -9999 -9999 -9999 -9999 -9999 -9999 -9999 -9999 -9999 
-9999 -9999 -9999 -9999 -9999 7 7 11 7 7 7 6 6 6 6 6 6 1 6 6 11 11 6 6 -9999 -9999 -9999 -9999 -9999 -9999 -9999 -9999 -9999 -9999 -9999 -9999 -9999 -9999 -9999 -9999 -9999 -9999 -9999 -9999 -9999 
-9999 -9999 -9999 -9999 6 6 11 7 7 11 11 11 7 7 6 6 1 1 6 7 1 7 6 6 -9999 -9999 -9999 -9999 -9999 -9999 -9999 -9999 -9999 -9999 -9999 -9999 -9999 -9999 -9999 -9999 -9999 -9999 -9999 -9999 -9999 
-9999 -9999 -9999 6 6 11 7 7 7 11 11 7 6 6 6 6 1 6 7 1 7 7 6 6 6 11 11 -9999 -9999 -9999 -9999 -9999 -9999 -9999 -9999 -9999 -9999 -9999 -9999 -9999 -9999 -9999 -9999 -9999 -9999 
-9999 -9999 -9999 6 6 11 11 11 11 7 6 6 6 6 6 11 7 1 1 1 1 7 11 11 11 11 11 -9999 -9999 -9999 -9999 -9999 -9999 -9999 -9999 -9999 -9999 -9999 -9999 -9999 -9999 -9999 -9999 -9999 -9999 
-9999 -9999 -9999 1 1 1 1 6 7 7 6 6 6 6 11 11 11 6 1 11 7 1 1 10 11 11 11 -9999 11 11 6 -9999 -9999 -9999 -9999 -9999 -9999 -9999 1 1 -9999 -9999 -9999 -9999 -9999 
-9999 -9999 -9999 1 1 1 1 1 1 6 1 1 6 6 6 6 6 1 1 11 11 1 6 6 6 11 11 11 11 6 11 -9999 -9999 -9999 -9999 -9999 1 1 6 1 -9999 -9999 -9999 -9999 -9999 
-9999 -9999 -9999 -9999 6 6 1 1 6 6 6 6 11 11 1 6 1 6 6 1 6 1 1 1 1 6 11 11 11 11 6 1 1 1 -9999 -9999 1 1 1 1 -9999 -9999 -9999 -9999 -9999 
-9999 -9999 -9999 -9999 -9999 6 6 6 6 6 6 1 1 1 1 6 6 1 7 1 1 1 1 1 11 11 11 11 6 1 1 1 1 1 -9999 1 1 1 1 1 -9999 -9999 -9999 -9999 -9999 
-9999 -9999 -9999 -9999 -9999 6 6 6 6 6 6 1 11 11 11 11 1 1 7 7 6 6 1 6 11 11 6 6 1 1 1 1 1 1 1 1 1 1 6 1 -9999 -9999 -9999 -9999 -9999 
-9999 -9999 -9999 -9999 -9999 -9999 7 6 1 6 6 6 1 1 11 11 1 1 6 11 6 6 11 11 11 6 1 1 1 1 1 1 1 6 1 1 1 1 1 1 1 -9999 -9999 -9999 -9999 
-9999 -9999 -9999 -9999 -9999 -9999 6 6 6 1 1 11 11 11 7 7 1 11 11 11 6 6 6 11 11 1 1 1 1 1 1 1 1 1 1 1 1 1 1 1 1 -9999 -9999 -9999 -9999 
-9999 -9999 -9999 -9999 -9999 -9999 7 6 6 1 6 11 11 11 4 6 6 11 11 11 6 6 6 11 11 11 1 1 1 1 1 1 1 1 1 1 1 1 1 1 6 -9999 -9999 -9999 -9999 
-9999 -9999 -9999 -9999 6 7 7 6 6 1 6 11 11 11 4 6 6 11 11 11 6 6 6 11 11 11 1 1 1 1 1 1 1 1 1 1 1 1 1 1 6 6 -9999 -9999 -9999 
-9999 -9999 -9999 6 6 6 11 6 6 1 1 6 6 6 6 6 11 11 11 6 11 1 1 6 6 6 1 1 1 1 1 1 1 1 1 6 7 1 1 6 6 6 10 -9999 -9999 
-9999 -9999 -9999 11 6 6 1 1 1 6 1 1 1 1 1 7 11 7 6 6 6 1 1 7 6 7 7 1 1 1 1 1 1 1 1 6 6 6 6 11 11 7 7 7 7 
6 7 11 11 6 6 1 6 1 1 1 1 7 7 6 7 11 6 6 6 7 7 7 6 6 11 7 2 1 1 1 1 6 1 1 6 6 6 1 7 6 6 6 7 -9999 
6 1 1 1 6 11 6 6 1 1 6 6 6 6 6 11 11 7 6 1 7 7 7 7 10 6 6 1 1 1 1 6 6 6 6 6 6 6 2 2 1 1 1 1 -9999 
1 1 1 6 11 6 6 6 1 6 6 6 6 6 6 11 7 6 1 7 7 7 7 10 6 6 6 1 1 1 6 6 6 6 6 6 6 6 2 1 1 1 1 -9999 -9999 
-9999 6 6 6 11 11 11 6 1 6 6 6 6 6 11 1 6 6 6 7 11 10 7 7 6 1 1 1 1 1 1 6 6 6 6 6 6 1 1 1 1 1 4 -9999 -9999 
-9999 6 6 6 -9999 6 6 6 6 6 6 11 11 11 6 6 6 1 6 7 10 10 10 7 6 1 6 6 1 1 6 6 6 6 1 1 1 1 6 6 1 1 1 -9999 -9999 
-9999 -9999 -9999 -9999 -9999 7 7 11 11 6 6 7 7 7 10 11 1 1 11 11 11 7 6 7 6 6 6 6 1 1 6 6 1 1 1 1 1 1 1 6 6 2 -9999 -9999 -9999 
-9999 -9999 -9999 -9999 -9999 -9999 6 11 -9999 -9999 -9999 6 11 11 7 6 6 6 6 6 11 11 6 6 6 6 6 1 1 1 6 6 1 6 6 1 1 1 6 6 6 1 1 -9999 -9999 
-9999 -9999 -9999 -9999 -9999 -9999 -9999 -9999 -9999 -9999 11 11 6 6 7 7 6 6 6 6 6 11 11 6 6 6 6 6 1 6 6 6 6 1 1 1 7 6 6 1 1 1 1 -9999 -9999 
-9999 -9999 -9999 -9999 -9999 -9999 -9999 11 6 11 11 11 6 6 6 1 6 6 6 11 1 11 1 1 1 1 6 6 1 1 1 1 1 1 1 1 1 7 2 1 1 1 1 1 -9999 
-9999 -9999 -9999 -9999 -9999 -9999 -9999 6 7 7 7 7 6 6 1 6 6 11 6 1 11 6 6 4 1 2 1 6 6 7 7 6 1 1 1 1 6 7 6 6 1 1 1 1 -9999 
-9999 -9999 -9999 -9999 -9999 -9999 -9999 11 11 11 7 11 11 11 11 6 11 6 6 6 6 6 6 6 6 1 1 6 7 7 6 6 1 1 1 1 6 6 6 6 6 1 1 -9999 -9999 
-9999 -9999 -9999 -9999 -9999 -9999 11 7 7 11 11 11 7 7 7 7 6 6 6 6 7 11 6 6 6 6 6 7 7 7 6 1 1 1 1 1 1 1 6 6 6 6 -9999 -9999 -9999 
-9999 -9999 -9999 -9999 -9999 -9999 7 7 7 7 7 6 7 7 7 7 7 6 6 6 7 7 7 6 1 1 6 6 6 6 1 1 1 1 -9999 2 1 1 6 6 -9999 -9999 -9999 -9999 -9999 
-9999 -9999 -9999 -9999 -9999 -9999 11 7 11 11 7 7 7 7 7 7 7 7 6 6 7 7 6 7 1 1 7 6 1 6 6 6 1 1 -9999 -9999 4 4 -9999 -9999 -9999 -9999 -9999 -9999 -9999 
-9999 -9999 -9999 -9999 -9999 -9999 11 11 7 7 7 7 6 6 6 7 7 7 7 7 6 7 7 7 6 6 6 1 1 1 1 7 1 -9999 -9999 -9999 -9999 -9999 -9999 -9999 -9999 -9999 -9999 -9999 -9999 
-9999 -9999 -9999 -9999 -9999 -9999 11 7 7 7 7 6 6 6 7 7 7 7 7 6 7 7 7 6 6 6 6 1 1 1 7 1 1 -9999 -9999 -9999 -9999 -9999 -9999 -9999 -9999 -9999 -9999 -9999 -9999 
-9999 -9999 -9999 -9999 -9999 -9999 11 11 11 6 7 7 7 7 7 11 7 7 7 7 7 7 7 7 7 6 6 1 1 6 6 -9999 -9999 -9999 -9999 -9999 -9999 -9999 -9999 -9999 -9999 -9999 -9999 -9999 -9999 
-9999 -9999 -9999 -9999 -9999 7 11 6 6 6 6 6 11 11 11 7 7 7 7 6 6 6 6 6 7 1 1 6 6 6 -9999 -9999 -9999 -9999 -9999 -9999 -9999 -9999 -9999 -9999 -9999 -9999 -9999 -9999 -9999 
-9999 -9999 -9999 -9999 11 7 7 7 7 7 6 7 7 7 7 7 7 6 6 7 7 7 7 7 7 1 1 6 -9999 -9999 -9999 -9999 -9999 -9999 -9999 -9999 -9999 -9999 -9999 -9999 -9999 -9999 -9999 -9999 -9999 
-9999 -9999 6 7 7 7 7 6 7 6 6 6 7 7 7 7 7 7 7 6 7 7 7 7 7 1 -9999 -9999 -9999 -9999 -9999 -9999 -9999 -9999 -9999 -9999 -9999 -9999 -9999 -9999 -9999 -9999 -9999 -9999 -9999 
-9999 -9999 -9999 6 6 6 7 7 7 7 6 6 7 7 7 7 7 7 7 7 7 7 7 7 7 7 -9999 -9999 -9999 -9999 -9999 -9999 -9999 -9999 -9999 -9999 -9999 -9999 -9999 -9999 -9999 -9999 -9999 -9999 -9999 
-9999 -9999 -9999 -9999 -9999 7 7 7 7 6 7 7 7 7 7 7 7 7 7 7 7 10 7 7 1 1 -9999 -9999 -9999 -9999 -9999 -9999 -9999 -9999 -9999 -9999 -9999 -9999 -9999 -9999 -9999 -9999 -9999 -9999 -9999 
-9999 -9999 -9999 -9999 -9999 -9999 -9999 6 6 6 6 7 6 6 7 7 7 7 7 11 7 7 6 6 -9999 -9999 -9999 -9999 -9999 -9999 -9999 -9999 -9999 -9999 -9999 -9999 -9999 -9999 -9999 -9999 -9999 -9999 -9999 -9999 -9999 
-9999 -9999 -9999 -9999 -9999 -9999 -9999 -9999 7 7 7 7 7 7 7 7 7 11 7 7 6 6 7 -9999 -9999 -9999 -9999 -9999 -9999 -9999 -9999 -9999 -9999 -9999 -9999 -9999 -9999 -9999 -9999 -9999 -9999 -9999 -9999 -9999 -9999 
-9999 -9999 -9999 -9999 -9999 -9999 -9999 -9999 -9999 7 7 7 7 7 7 7 7 7 7 7 7 6 6 -9999 -9999 -9999 -9999 -9999 -9999 -9999 -9999 -9999 -9999 -9999 -9999 -9999 -9999 -9999 -9999 -9999 -9999 -9999 -9999 -9999 -9999 
-9999 -9999 -9999 -9999 -9999 -9999 -9999 -9999 -9999 -9999 7 7 7 7 7 7 7 10 7 7 7 6 6 -9999 -9999 -9999 -9999 -9999 -9999 -9999 -9999 -9999 -9999 -9999 -9999 -9999 -9999 -9999 -9999 -9999 -9999 -9999 -9999 -9999 -9999 
-9999 -9999 -9999 -9999 -9999 -9999 -9999 -9999 -9999 7 7 11 10 10 10 7 7 7 7 7 7 6 6 -9999 -9999 -9999 -9999 -9999 -9999 -9999 -9999 -9999 -9999 -9999 -9999 -9999 -9999 -9999 -9999 -9999 -9999 -9999 -9999 -9999 -9999 
-9999 -9999 -9999 -9999 -9999 -9999 -9999 -9999 -9999 7 7 7 10 10 10 7 7 7 7 7 6 7 -9999 -9999 -9999 -9999 -9999 -9999 -9999 -9999 -9999 -9999 -9999 -9999 -9999 -9999 -9999 -9999 -9999 -9999 -9999 -9999 -9999 -9999 -9999 
-9999 -9999 -9999 -9999 -9999 -9999 -9999 -9999 -9999 7 7 7 10 10 10 7 7 7 7 7 6 7 -9999 -9999 -9999 -9999 -9999 -9999 -9999 -9999 -9999 -9999 -9999 -9999 -9999 -9999 -9999 -9999 -9999 -9999 -9999 -9999 -9999 -9999 -9999 
-9999 -9999 -9999 -9999 -9999 -9999 -9999 -9999 -9999 -9999 7 7 7 7 7 7 7 7 7 7 6 -9999 -9999 -9999 -9999 -9999 -9999 -9999 -9999 -9999 -9999 -9999 -9999 -9999 -9999 -9999 -9999 -9999 -9999 -9999 -9999 -9999 -9999 -9999 -9999 
-9999 -9999 -9999 -9999 -9999 -9999 -9999 -9999 -9999 -9999 -9999 -9999 -9999 -9999 7 7 7 7 7 7 6 -9999 -9999 -9999 -9999 -9999 -9999 -9999 -9999 -9999 -9999 -9999 -9999 -9999 -9999 -9999 -9999 -9999 -9999 -9999 -9999 -9999 -9999 -9999 -9999 
-9999 -9999 -9999 -9999 -9999 -9999 -9999 -9999 -9999 -9999 -9999 -9999 -9999 -9999 7 7 7 -9999 7 -9999 -9999 -9999 -9999 -9999 -9999 -9999 -9999 -9999 -9999 -9999 -9999 -9999 -9999 -9999 -9999 -9999 -9999 -9999 -9999 -9999 -9999 -9999 -9999 -9999 -9999 
