#ID	T_SAND	T_SILT	T_CLAY	T_USDA_TEX_CLASS	T_OC	S_SAND	S_SILT	S_CLAY	S_USDA_TEX_CLASS	S_OC
11000	7	54	39	4	1.3	12	45	43	2	0.5
11001	42	38	20	9	1.45	45	35	20	9	0.5
11002	49	28	23	9	0.98	47	26	27	10	0.47
11003	37	44	19	9	2.13	-99	-99	-99	-99	-99
11004	39	40	21	9	0.86	41	38	21	9	0.38
11005	42	36	22	9	1	41	34	25	9	0.37
11006	42	36	22	9	1	41	34	25	9	0.37
11007	42	38	20	9	1.45	45	35	20	9	0.5
11008	42	38	20	9	1.45	45	35	20	9	0.5
11009	42	36	22	9	1	41	34	25	9	0.37
11010	47	33	20	9	1.05	51	29	20	9	0.41
11011	47	33	20	9	1.05	51	29	20	9	0.41
11012	7	54	39	4	1.3	12	45	43	2	0.5
11013	38	18	44	3	0.98	35	14	51	3	0.47
11014	42	38	20	9	1.45	45	35	20	9	0.5
11015	42	38	20	9	1.45	45	35	20	9	0.5
11016	47	29	24	9	0.83	39	27	34	5	0.28
11017	16	29	55	3	1.65	18	24	58	3	0.77
11018	42	36	22	9	1	41	34	25	9	0.37
11019	42	38	20	9	1.45	45	35	20	9	0.5
11020	42	36	22	9	1	41	34	25	9	0.37
11021	39	40	21	9	0.86	41	38	21	9	0.38
11022	37	40	23	9	1.07	36	36	28	5	0.37
11023	38	18	44	3	0.98	35	14	51	3	0.47
11024	39	40	21	9	0.86	41	38	21	9	0.38
11025	42	36	22	9	1	41	34	25	9	0.37
11026	49	28	23	9	0.98	47	26	27	10	0.47
11027	37	40	23	9	1.07	36	36	28	5	0.37
11028	42	36	22	9	1	41	34	25	9	0.37
11029	42	36	22	9	1	41	34	25	9	0.37
11030	37	44	19	9	2.13	-99	-99	-99	-99	-99
11031	39	40	21	9	0.86	41	38	21	9	0.38
11032	42	38	20	9	1.45	45	35	20	9	0.5
11033	42	36	22	9	1	41	34	25	9	0.37
11034	42	36	22	9	1	41	34	25	9	0.37
11035	39	40	21	9	0.86	41	38	21	9	0.38
11036	42	36	22	9	1	41	34	25	9	0.37
11037	17	32	51	3	1.25	19	29	52	3	0.45
11038	38	18	44	3	0.98	35	14	51	3	0.47
11039	41	37	22	9	0.74	37	34	29	5	0.36
11040	17	32	51	3	1.25	19	29	52	3	0.45
11041	42	38	20	9	1.45	45	35	20	9	0.5
11042	39	40	21	9	0.86	41	38	21	9	0.38
11043	49	28	23	9	0.98	47	26	27	10	0.47
11044	37	40	23	9	1.07	36	36	28	5	0.37
11045	37	44	19	9	2.13	-99	-99	-99	-99	-99
11046	42	36	22	9	1	41	34	25	9	0.37
11047	37	40	23	9	1.07	36	36	28	5	0.37
11048	39	40	21	9	0.86	41	38	21	9	0.38
11049	35	33	32	5	39.4	52	23	25	10	38.46
11050	15	29	56	3	2.27	24	24	52	3	0.81
11051	42	34	24	9	1.61	-99	-99	-99	-99	-99
11052	-99	-99	-99	-99	-99	-99	-99	-99	-99	-99
11053	37	44	19	9	2.13	-99	-99	-99	-99	-99
11054	37	44	19	9	2.13	-99	-99	-99	-99	-99
11055	42	34	24	9	1.61	-99	-99	-99	-99	-99
11056	75	15	10	11	0.7	68	17	15	11	0.27
11057	42	36	22	9	1	41	34	25	9	0.37
11058	37	44	19	9	2.13	-99	-99	-99	-99	-99
11059	42	34	24	9	1.61	-99	-99	-99	-99	-99
11060	42	34	24	9	1.61	-99	-99	-99	-99	-99
11061	42	38	20	9	1.45	45	35	20	9	0.5
11062	45	36	19	9	1	39	34	27	5	0.47
11063	42	38	20	9	1.45	45	35	20	9	0.5
11064	42	36	22	9	1	41	34	25	9	0.37
11065	42	36	22	9	1	41	34	25	9	0.37
11066	41	37	22	9	0.74	37	34	29	5	0.36
11067	39	42	19	9	1.15	34	41	25	9	0.78
11068	42	36	22	9	1	41	34	25	9	0.37
11069	39	40	21	9	0.86	41	38	21	9	0.38
11070	42	38	20	9	1.45	45	35	20	9	0.5
11071	42	36	22	9	1	41	34	25	9	0.37
11072	39	40	21	9	0.86	41	38	21	9	0.38
11073	39	40	21	9	0.86	41	38	21	9	0.38
11074	39	40	21	9	0.86	41	38	21	9	0.38
11075	89	6	5	13	0.5	89	6	5	13	0.3
11076	23	54	23	7	2.09	26	52	22	7	0.89
11077	17	29	54	3	4.54	22	25	53	3	1.23
11078	45	36	19	9	1	39	34	27	5	0.47
11079	42	38	20	9	1.45	45	35	20	9	0.5
11080	20	40	40	3	33.63	47	26	27	10	32.89
11081	-99	-99	-99	-99	-99	-99	-99	-99	-99	-99
11082	47	34	19	9	0.98	51	31	18	9	0.4
11083	89	6	5	13	0.5	89	6	5	13	0.3
11084	90	5	5	13	0.4	90	5	5	13	0.21
11085	90	5	5	13	0.39	87	5	8	12	0.2
11086	88	7	5	13	0.5	89	6	5	13	0.23
11087	37	44	19	9	2.13	-99	-99	-99	-99	-99
11088	37	44	19	9	2.13	-99	-99	-99	-99	-99
11089	41	37	22	9	0.74	37	34	29	5	0.36
11090	42	34	24	9	1.61	-99	-99	-99	-99	-99
11091	28	47	25	9	1.65	28	47	25	9	0.78
11092	34	41	25	9	1.64	34	37	29	5	0.78
11093	35	42	23	9	1.26	29	38	33	5	0.5
11094	41	37	22	9	0.74	37	34	29	5	0.36
11095	28	47	25	9	1.65	28	47	25	9	0.78
11096	44	35	21	9	0.75	40	35	25	9	0.47
11097	35	42	23	9	1.26	29	38	33	5	0.5
11098	34	41	25	9	1.64	34	37	29	5	0.78
11099	28	47	25	9	1.65	28	47	25	9	0.78
11100	41	37	22	9	0.74	37	34	29	5	0.36
11101	35	42	23	9	1.26	29	38	33	5	0.5
11102	72	19	9	11	1.14	69	19	12	11	0.5
11103	89	6	5	13	0.5	89	6	5	13	0.3
11104	77	13	10	11	0.98	66	15	19	11	0.69
11105	12	46	42	2	2.62	12	48	40	2	1.17
11106	19	25	56	3	1.05	18	24	58	3	0.59
11107	10	43	47	2	2.94	27	40	33	5	0.38
11108	20	29	51	3	0.96	18	29	53	3	0.43
11109	19	34	47	3	1.81	24	32	44	3	0.83
11110	15	31	54	3	2.78	22	27	51	3	1.36
11111	10	43	47	2	2.94	27	40	33	5	0.38
11112	19	32	49	3	1.41	18	31	51	3	0.49
11113	25	54	21	7	1.6	23	49	28	5	0.4
11114	34	41	25	9	1.64	34	37	29	5	0.78
11115	41	37	22	9	0.74	37	34	29	5	0.36
11116	23	29	48	3	1.17	26	29	45	3	0.58
11117	23	29	48	3	1.17	26	29	45	3	0.58
11118	49	31	20	9	2.4	-99	-99	-99	-99	-99
11119	41	37	22	9	0.74	37	34	29	5	0.36
11120	42	36	22	9	1	41	34	25	9	0.37
11121	45	36	19	9	1	39	34	27	5	0.47
11122	49	31	20	9	2.4	-99	-99	-99	-99	-99
11123	42	36	22	9	1	41	34	25	9	0.37
11124	23	29	48	3	1.17	26	29	45	3	0.58
11125	22	36	42	3	1.83	21	36	43	3	0.5
11126	23	29	48	3	1.17	26	29	45	3	0.58
11127	19	32	49	3	1.41	18	31	51	3	0.49
11128	22	36	42	3	1.83	21	36	43	3	0.5
11129	90	5	5	13	0.4	90	5	5	13	0.21
11130	42	38	20	9	1.45	45	35	20	9	0.5
11131	42	36	22	9	1	41	34	25	9	0.37
11132	49	31	20	9	2.4	-99	-99	-99	-99	-99
11133	45	36	19	9	1	39	34	27	5	0.47
11134	37	44	19	9	0.99	31	38	31	5	0.29
11135	42	38	20	9	1.45	45	35	20	9	0.5
11136	42	36	22	9	1	41	34	25	9	0.37
11137	49	31	20	9	2.4	-99	-99	-99	-99	-99
11138	45	36	19	9	1	39	34	27	5	0.47
11139	37	44	19	9	0.99	31	38	31	5	0.29
11140	75	15	10	11	0.7	68	17	15	11	0.27
11141	77	14	9	11	0.7	67	16	17	11	0.4
11142	79	13	8	12	2.59	-99	-99	-99	-99	-99
11143	45	36	19	9	1	39	34	27	5	0.47
11144	37	44	19	9	0.99	31	38	31	5	0.29
11145	75	15	10	11	0.7	68	17	15	11	0.27
11146	77	14	9	11	0.7	67	16	17	11	0.4
11147	79	13	8	12	2.59	-99	-99	-99	-99	-99
11148	76	13	11	11	0.79	62	15	23	10	0.41
11149	37	44	19	9	0.99	31	38	31	5	0.29
11150	42	38	20	9	1.45	45	35	20	9	0.5
11151	42	36	22	9	1	41	34	25	9	0.37
11152	49	31	20	9	2.4	-99	-99	-99	-99	-99
11153	45	36	19	9	1	39	34	27	5	0.47
11154	37	44	19	9	0.99	31	38	31	5	0.29
11155	42	38	20	9	1.45	45	35	20	9	0.5
11156	42	36	22	9	1	41	34	25	9	0.37
11157	49	31	20	9	2.4	-99	-99	-99	-99	-99
11158	45	36	19	9	1	39	34	27	5	0.47
11159	37	44	19	9	0.99	31	38	31	5	0.29
11160	42	38	20	9	1.45	45	35	20	9	0.5
11161	46	33	21	9	1.09	-99	-99	-99	-99	-99
11162	45	36	19	9	1	39	34	27	5	0.47
11163	37	44	19	9	0.99	31	38	31	5	0.29
11164	42	38	20	9	1.45	45	35	20	9	0.5
11165	46	33	21	9	1.09	-99	-99	-99	-99	-99
11166	45	36	19	9	1	39	34	27	5	0.47
11167	37	44	19	9	0.99	31	38	31	5	0.29
11168	75	15	10	11	0.7	68	17	15	11	0.27
11169	76	14	10	11	0.65	-99	-99	-99	-99	-99
11170	45	36	19	9	1	39	34	27	5	0.47
11171	37	44	19	9	0.99	31	38	31	5	0.29
11172	75	15	10	11	0.7	68	17	15	11	0.27
11173	76	14	10	11	0.65	-99	-99	-99	-99	-99
11174	76	13	11	11	0.79	62	15	23	10	0.41
11175	37	44	19	9	0.99	31	38	31	5	0.29
11176	42	38	20	9	1.45	45	35	20	9	0.5
11177	46	33	21	9	1.09	-99	-99	-99	-99	-99
11178	45	36	19	9	1	39	34	27	5	0.47
11179	37	44	19	9	0.99	31	38	31	5	0.29
11180	42	38	20	9	1.45	45	35	20	9	0.5
11181	46	33	21	9	1.09	-99	-99	-99	-99	-99
11182	45	36	19	9	1	39	34	27	5	0.47
11183	37	44	19	9	0.99	31	38	31	5	0.29
11184	45	36	19	9	1	39	34	27	5	0.47
11185	42	38	20	9	1.45	45	35	20	9	0.5
11186	37	44	19	9	0.99	31	38	31	5	0.29
11187	41	37	22	9	0.74	37	34	29	5	0.36
11188	42	36	22	9	1	41	34	25	9	0.37
11189	37	45	18	9	0.82	33	35	32	5	0.38
11190	34	41	25	9	1.64	34	37	29	5	0.78
11191	44	35	21	9	0.75	40	35	25	9	0.47
11192	87	8	5	12	0.4	82	8	10	12	0.24
11193	77	14	9	11	0.7	67	16	17	11	0.4
11194	41	37	22	9	0.74	37	34	29	5	0.36
11195	37	45	18	9	0.82	33	35	32	5	0.38
11196	47	29	24	9	0.83	39	27	34	5	0.28
11197	41	37	22	9	0.74	37	34	29	5	0.36
11198	42	38	20	9	1.45	45	35	20	9	0.5
11199	47	29	24	9	0.83	39	27	34	5	0.28
11200	37	44	19	9	0.99	31	38	31	5	0.29
11201	42	38	20	9	1.45	45	35	20	9	0.5
11202	37	44	19	9	0.99	31	38	31	5	0.29
11203	37	44	19	9	0.99	31	38	31	5	0.29
11204	25	22	53	3	0.93	23	21	56	3	0.54
11205	42	38	20	9	1.45	45	35	20	9	0.5
11206	45	36	19	9	1	39	34	27	5	0.47
11207	42	38	20	9	1.45	45	35	20	9	0.5
11208	50	40	10	9	5.27	55	35	10	11	0.81
11209	76	14	10	11	0.65	-99	-99	-99	-99	-99
11210	40	39	21	9	1.17	41	34	25	9	0.4
11211	20	40	40	3	33.63	47	26	27	10	32.89
11212	76	13	11	11	0.79	62	15	23	10	0.41
11213	75	15	10	11	0.7	68	17	15	11	0.27
11214	87	9	4	12	2.18	88	8	4	13	0.39
11215	76	14	10	11	0.65	-99	-99	-99	-99	-99
11216	74	16	10	11	0.93	68	16	16	11	0.23
11217	20	40	40	3	33.63	47	26	27	10	32.89
11218	45	36	19	9	1	39	34	27	5	0.47
11219	42	38	20	9	1.45	45	35	20	9	0.5
11220	87	9	4	12	2.18	88	8	4	13	0.39
11221	76	14	10	11	0.65	-99	-99	-99	-99	-99
11222	40	39	21	9	1.17	41	34	25	9	0.4
11223	46	33	21	9	1.09	-99	-99	-99	-99	-99
11224	87	9	4	12	2.18	88	8	4	13	0.39
11225	90	5	5	13	0.4	90	5	5	13	0.21
11226	75	15	10	11	0.7	68	17	15	11	0.27
11227	20	40	40	3	33.63	47	26	27	10	32.89
11228	20	40	40	3	33.63	47	26	27	10	32.89
11229	40	39	21	9	1.17	41	34	25	9	0.4
11230	37	44	19	9	0.99	31	38	31	5	0.29
11231	39	40	21	9	0.86	41	38	21	9	0.38
11232	37	40	23	9	1.07	36	36	28	5	0.37
11233	45	36	19	9	1.57	52	29	19	11	0.56
11234	34	48	18	9	0.6	36	46	18	9	0.4
11235	45	36	19	9	1.57	52	29	19	11	0.56
11236	39	40	21	9	0.86	41	38	21	9	0.38
11237	41	40	19	9	1.3	44	37	19	9	0.44
11238	39	40	21	9	0.86	41	38	21	9	0.38
11239	19	25	56	3	1.05	18	24	58	3	0.59
11240	17	32	51	3	1.25	19	29	52	3	0.45
11241	44	35	21	9	0.75	40	35	25	9	0.47
11242	42	36	22	9	1	41	34	25	9	0.37
11243	32	49	19	9	2.22	25	51	24	7	0.5
11244	48	28	24	9	0.83	41	25	34	5	0.4
11245	73	18	9	11	1.4	-99	-99	-99	-99	-99
11246	76	14	10	11	0.65	-99	-99	-99	-99	-99
11247	87	9	4	12	2.18	88	8	4	13	0.39
11248	75	15	10	11	0.7	68	17	15	11	0.27
11249	90	5	5	13	0.4	90	5	5	13	0.21
11250	89	6	5	13	0.5	89	6	5	13	0.3
11251	86	8	6	12	2.02	86	6	8	12	0.51
11252	37	40	23	9	1.07	36	36	28	5	0.37
11253	37	44	19	9	2.13	-99	-99	-99	-99	-99
11254	37	44	19	9	2.13	-99	-99	-99	-99	-99
11255	42	34	24	9	1.61	-99	-99	-99	-99	-99
11256	42	36	22	9	1	41	34	25	9	0.37
11257	48	28	24	9	0.83	41	25	34	5	0.4
11258	37	44	19	9	2.13	-99	-99	-99	-99	-99
11259	37	44	19	9	2.13	-99	-99	-99	-99	-99
11260	42	36	22	9	1	41	34	25	9	0.37
11261	42	34	24	9	1.61	-99	-99	-99	-99	-99
11262	32	49	19	9	2.22	25	51	24	7	0.5
11263	23	54	23	7	2.09	26	52	22	7	0.89
11264	34	41	25	9	1.64	34	37	29	5	0.78
11265	45	36	19	9	1.57	52	29	19	11	0.56
11266	23	54	23	7	2.09	26	52	22	7	0.89
11267	34	41	25	9	1.64	34	37	29	5	0.78
11268	28	47	25	9	1.65	28	47	25	9	0.78
11269	44	35	21	9	0.75	40	35	25	9	0.47
11270	45	36	19	9	1.57	52	29	19	11	0.56
11271	28	47	25	9	1.65	28	47	25	9	0.78
11272	45	36	19	9	1.57	52	29	19	11	0.56
11273	39	39	22	9	1.65	37	35	28	5	0.69
11274	35	43	22	9	1.37	35	44	21	9	0.48
11275	39	39	22	9	1.65	37	35	28	5	0.69
11276	34	48	18	9	0.6	36	46	18	9	0.4
11277	39	40	21	9	0.86	41	38	21	9	0.38
11278	18	29	53	3	3.12	31	27	42	3	1.07
11279	17	32	51	3	1.25	19	29	52	3	0.45
11280	89	6	5	13	0.5	89	6	5	13	0.3
11281	42	36	22	9	1	41	34	25	9	0.37
11282	45	36	19	9	1.57	52	29	19	11	0.56
11283	90	5	5	13	0.4	90	5	5	13	0.21
11284	37	40	23	9	1.07	36	36	28	5	0.37
11285	35	33	32	5	39.4	52	23	25	10	38.46
11286	42	36	22	9	1	41	34	25	9	0.37
11287	37	44	19	9	2.13	-99	-99	-99	-99	-99
11288	42	36	22	9	1	41	34	25	9	0.37
11289	32	49	19	9	2.22	25	51	24	7	0.5
11290	39	40	21	9	0.86	41	38	21	9	0.38
11291	42	36	22	9	1	41	34	25	9	0.37
11292	42	36	22	9	1	41	34	25	9	0.37
11293	42	38	20	9	1.06	33	31	36	5	0.43
11294	37	44	19	9	2.13	-99	-99	-99	-99	-99
11295	47	33	20	9	1.05	51	29	20	9	0.41
11296	42	38	20	9	1.45	45	35	20	9	0.5
11297	42	38	20	9	1.45	45	35	20	9	0.5
11298	42	36	22	9	1	41	34	25	9	0.37
11299	49	31	20	9	2.4	-99	-99	-99	-99	-99
11300	47	33	20	9	1.05	51	29	20	9	0.41
11301	42	38	20	9	1.45	45	35	20	9	0.5
11302	75	15	10	11	0.7	68	17	15	11	0.27
11303	42	38	20	9	1.45	45	35	20	9	0.5
11304	79	13	8	12	2.59	-99	-99	-99	-99	-99
11305	86	8	6	12	2.02	86	6	8	12	0.51
11306	37	44	19	9	2.13	-99	-99	-99	-99	-99
11307	49	28	23	9	0.98	47	26	27	10	0.47
11308	75	15	10	11	0.7	68	17	15	11	0.27
11309	86	8	6	12	2.02	86	6	8	12	0.51
11310	42	38	20	9	1.45	45	35	20	9	0.5
11311	79	13	8	12	2.59	-99	-99	-99	-99	-99
11312	73	18	9	11	1.4	-99	-99	-99	-99	-99
11313	37	44	19	9	2.13	-99	-99	-99	-99	-99
11314	41	37	22	9	0.74	37	34	29	5	0.36
11315	37	45	18	9	0.82	33	35	32	5	0.38
11316	44	35	21	9	0.75	40	35	25	9	0.47
11317	42	36	22	9	1	41	34	25	9	0.37
11318	42	38	20	9	1.06	33	31	36	5	0.43
11319	47	29	24	9	0.83	39	27	34	5	0.28
11320	42	38	20	9	1.14	28	29	43	3	0.37
11321	41	37	22	9	0.74	37	34	29	5	0.36
11322	42	36	22	9	1	41	34	25	9	0.37
11323	44	35	21	9	0.75	40	35	25	9	0.47
11324	32	49	19	9	2.22	25	51	24	7	0.5
11325	41	37	22	9	0.74	37	34	29	5	0.36
11326	42	38	20	9	1.14	28	29	43	3	0.37
11327	44	35	21	9	0.75	40	35	25	9	0.47
11328	38	39	23	9	1.95	40	37	23	9	0.67
11329	42	36	22	9	1	41	34	25	9	0.37
11330	73	18	9	11	1.4	-99	-99	-99	-99	-99
11331	19	37	44	3	2.1	-99	-99	-99	-99	-99
11332	72	19	9	11	1.14	69	19	12	11	0.5
11333	45	36	19	9	1.57	52	29	19	11	0.56
11334	89	6	5	13	0.5	89	6	5	13	0.3
11335	39	39	22	9	1.65	37	35	28	5	0.69
11336	49	31	20	9	2.4	-99	-99	-99	-99	-99
11337	42	38	20	9	1.45	45	35	20	9	0.5
11338	42	38	20	9	1.45	45	35	20	9	0.5
11339	73	18	9	11	1.4	-99	-99	-99	-99	-99
11340	47	33	20	9	1.05	51	29	20	9	0.41
11341	87	9	4	12	2.18	88	8	4	13	0.39
11342	79	13	8	12	2.59	-99	-99	-99	-99	-99
11343	73	18	9	11	1.4	-99	-99	-99	-99	-99
11344	20	40	40	3	33.63	47	26	27	10	32.89
11345	19	32	49	3	1.19	21	32	47	3	0.55
11346	14	39	47	3	0.97	15	40	45	3	0.45
11347	36	43	21	9	0.65	34	43	23	9	0.43
11348	8	34	58	3	2.27	11	32	57	3	2.5
11349	19	32	49	3	1.19	21	32	47	3	0.55
11350	34	48	18	9	0.6	36	46	18	9	0.4
11351	23	29	48	3	1.17	26	29	45	3	0.58
11352	39	39	22	9	1.65	37	35	28	5	0.69
11353	44	35	21	9	0.75	40	35	25	9	0.47
11354	14	39	47	3	0.97	15	40	45	3	0.45
11355	19	32	49	3	1.19	21	32	47	3	0.55
11356	36	43	21	9	0.65	34	43	23	9	0.43
11357	79	15	6	12	0.41	79	15	6	12	0.17
11358	36	43	21	9	0.65	34	43	23	9	0.43
11359	39	40	21	9	0.86	41	38	21	9	0.38
11360	79	15	6	12	0.41	79	15	6	12	0.17
11361	23	29	48	3	1.17	26	29	45	3	0.58
11362	44	35	21	9	0.75	40	35	25	9	0.47
11363	17	32	51	3	1.25	19	29	52	3	0.45
11364	37	44	19	9	0.99	31	38	31	5	0.29
11365	41	37	22	9	0.74	37	34	29	5	0.36
11366	42	38	20	9	1.06	33	31	36	5	0.43
11367	37	40	23	9	1.07	36	36	28	5	0.37
11368	25	22	53	3	0.93	23	21	56	3	0.54
11369	31	22	47	3	1.2	27	20	53	3	0.59
11370	38	18	44	3	0.98	35	14	51	3	0.47
11371	17	32	51	3	1.25	19	29	52	3	0.45
11372	37	44	19	9	0.99	31	38	31	5	0.29
11373	78	13	9	11	0.57	64	13	23	10	0.3
11374	39	40	21	9	0.86	41	38	21	9	0.38
11375	17	32	51	3	1.25	19	29	52	3	0.45
11376	37	44	19	9	0.99	31	38	31	5	0.29
11377	19	32	49	3	1.41	18	31	51	3	0.49
11378	41	37	22	9	0.74	37	34	29	5	0.36
11379	40	39	21	9	1.17	41	34	25	9	0.4
11380	37	44	19	9	0.99	31	38	31	5	0.29
11381	42	38	20	9	1.45	45	35	20	9	0.5
11382	76	14	10	11	0.89	60	14	26	10	0.6
11383	89	6	5	13	0.5	89	6	5	13	0.3
11384	86	10	4	12	1.97	85	10	5	12	0.91
11385	39	39	22	9	1.65	37	35	28	5	0.69
11386	35	33	32	5	39.4	52	23	25	10	38.46
11387	34	48	18	9	0.6	36	46	18	9	0.4
11388	38	42	20	9	4.59	38	32	30	5	0.67
11389	40	39	21	9	1.17	41	34	25	9	0.4
11390	45	52	3	7	4.6	51	45	4	11	0.81
11391	20	40	40	3	33.63	47	26	27	10	32.89
11392	85	8	7	12	0.49	84	9	7	12	0.4
11393	78	13	9	11	0.57	64	13	23	10	0.3
11394	89	6	5	13	0.5	89	6	5	13	0.3
11395	78	13	9	11	0.7	77	13	10	11	0.31
11396	47	33	20	9	1.05	51	29	20	9	0.41
11397	89	6	5	13	0.5	89	6	5	13	0.3
11398	89	6	5	13	0.5	89	6	5	13	0.3
11399	90	5	5	13	0.39	87	5	8	12	0.2
11400	77	14	9	11	0.7	67	16	17	11	0.4
11401	87	9	4	12	2.18	88	8	4	13	0.39
11402	78	13	9	11	0.57	64	13	23	10	0.3
11403	90	5	5	13	0.39	87	5	8	12	0.2
11404	89	6	5	13	0.5	89	6	5	13	0.3
11405	76	16	8	11	1.93	-99	-99	-99	-99	-99
11406	87	9	4	12	2.18	88	8	4	13	0.39
11407	89	6	5	13	0.5	89	6	5	13	0.3
11408	80	9	11	11	0.45	72	9	19	11	0.26
11409	87	9	4	12	2.18	88	8	4	13	0.39
11410	90	5	5	13	0.39	87	5	8	12	0.2
11411	77	14	9	11	0.7	67	16	17	11	0.4
11412	37	44	19	9	2.13	-99	-99	-99	-99	-99
11413	42	36	22	9	1	41	34	25	9	0.37
11414	41	37	22	9	0.74	37	34	29	5	0.36
11415	44	35	21	9	0.75	40	35	25	9	0.47
11416	49	31	20	9	2.4	-99	-99	-99	-99	-99
11417	86	8	6	12	2.02	86	6	8	12	0.51
11418	35	33	32	5	39.4	52	23	25	10	38.46
11419	-99	-99	-99	-99	-99	-99	-99	-99	-99	-99
11420	17	29	54	3	4.54	22	25	53	3	1.23
11421	42	38	20	9	1.45	45	35	20	9	0.5
11422	77	14	9	11	0.7	67	16	17	11	0.4
11423	45	36	19	9	1	39	34	27	5	0.47
11424	37	40	23	9	1.07	36	36	28	5	0.37
11425	77	14	9	11	0.7	67	16	17	11	0.4
11426	42	36	22	9	1	41	34	25	9	0.37
11427	75	15	10	11	0.7	68	17	15	11	0.27
11428	41	37	22	9	0.74	37	34	29	5	0.36
11429	37	44	19	9	2.13	-99	-99	-99	-99	-99
11430	77	14	9	11	0.7	67	16	17	11	0.4
11431	41	37	22	9	0.74	37	34	29	5	0.36
11432	47	29	24	9	0.83	39	27	34	5	0.28
11433	75	15	10	11	0.7	68	17	15	11	0.27
11434	42	36	22	9	1	41	34	25	9	0.37
11435	41	37	22	9	0.74	37	34	29	5	0.36
11436	42	38	20	9	1.45	45	35	20	9	0.5
11437	42	34	24	9	1.61	-99	-99	-99	-99	-99
11438	77	14	9	11	0.7	67	16	17	11	0.4
11439	89	6	5	13	0.5	89	6	5	13	0.3
11440	78	13	9	11	0.57	64	13	23	10	0.3
11441	82	8	10	12	0.4	75	8	17	11	0.24
11442	75	15	10	11	0.7	68	17	15	11	0.27
11443	80	10	10	12	0.55	65	13	22	10	0.26
11444	77	14	9	11	0.7	67	16	17	11	0.4
11445	76	16	8	11	1.93	-99	-99	-99	-99	-99
11446	82	8	10	12	0.4	75	8	17	11	0.24
11447	85	8	7	12	0.49	84	9	7	12	0.4
11448	42	36	22	9	1	41	34	25	9	0.37
11449	19	32	49	3	1.41	18	31	51	3	0.49
11450	23	29	48	3	1.17	26	29	45	3	0.58
11451	37	44	19	9	2.13	-99	-99	-99	-99	-99
11452	44	35	21	9	0.75	40	35	25	9	0.47
11453	42	36	22	9	1	41	34	25	9	0.37
11454	37	44	19	9	0.99	31	38	31	5	0.29
11455	41	37	22	9	0.74	37	34	29	5	0.36
11456	42	36	22	9	1	41	34	25	9	0.37
11457	41	37	22	9	0.74	37	34	29	5	0.36
11458	45	36	19	9	1	39	34	27	5	0.47
11459	41	40	19	9	1.3	44	37	19	9	0.44
11460	42	36	22	9	1	41	34	25	9	0.37
11461	19	32	49	3	1.19	21	32	47	3	0.55
11462	42	38	20	9	1.45	45	35	20	9	0.5
11463	41	37	22	9	0.74	37	34	29	5	0.36
11464	47	29	24	9	0.83	39	27	34	5	0.28
11465	49	31	20	9	2.4	-99	-99	-99	-99	-99
11466	85	8	7	12	0.49	84	9	7	12	0.4
11467	42	38	20	9	1.45	45	35	20	9	0.5
11468	42	36	22	9	1	41	34	25	9	0.37
11469	45	36	19	9	1	39	34	27	5	0.47
11470	42	38	20	9	1.45	45	35	20	9	0.5
11471	40	39	21	9	1.17	41	34	25	9	0.4
11472	75	15	10	11	0.7	68	17	15	11	0.27
11473	17	32	51	3	1.25	19	29	52	3	0.45
11474	77	14	9	11	0.7	67	16	17	11	0.4
11475	75	15	10	11	0.7	68	17	15	11	0.27
11476	45	36	19	9	1	39	34	27	5	0.47
11477	87	9	4	12	2.18	88	8	4	13	0.39
11478	42	38	20	9	1.45	45	35	20	9	0.5
11479	42	38	20	9	1.45	45	35	20	9	0.5
11480	42	36	22	9	1	41	34	25	9	0.37
11481	45	36	19	9	1	39	34	27	5	0.47
11482	42	38	20	9	1.45	45	35	20	9	0.5
11483	42	36	22	9	1	41	34	25	9	0.37
11484	45	52	3	7	4.6	51	45	4	11	0.81
11485	49	31	20	9	2.4	-99	-99	-99	-99	-99
11486	-99	-99	-99	-99	-99	-99	-99	-99	-99	-99
11487	42	38	20	9	1.45	45	35	20	9	0.5
11488	42	38	20	9	1.45	45	35	20	9	0.5
11489	45	52	3	7	4.6	51	45	4	11	0.81
11490	40	39	21	9	1.17	41	34	25	9	0.4
11491	49	31	20	9	2.4	-99	-99	-99	-99	-99
11492	-99	-99	-99	-99	-99	-99	-99	-99	-99	-99
11493	75	15	10	11	0.7	68	17	15	11	0.27
11494	86	8	6	12	2.02	86	6	8	12	0.51
11495	86	9	5	12	0.7	82	11	7	12	0.3
11496	75	15	10	11	0.7	68	17	15	11	0.27
11497	89	6	5	13	0.5	89	6	5	13	0.3
11498	77	14	9	11	0.7	67	16	17	11	0.4
11499	87	9	4	12	2.18	88	8	4	13	0.39
11500	75	15	10	11	0.7	68	17	15	11	0.27
11501	82	8	10	12	0.4	75	8	17	11	0.24
11502	19	32	49	3	1.41	18	31	51	3	0.49
11503	31	22	47	3	1.2	27	20	53	3	0.59
11504	22	24	54	3	1.13	34	22	44	3	0.36
11505	23	29	48	3	1.17	26	29	45	3	0.58
11506	19	32	49	3	1.41	18	31	51	3	0.49
11507	22	24	54	3	1.13	34	22	44	3	0.36
11508	23	29	48	3	1.17	26	29	45	3	0.58
11509	17	32	51	3	1.25	19	29	52	3	0.45
11510	37	44	19	9	0.99	31	38	31	5	0.29
11511	19	32	49	3	1.41	18	31	51	3	0.49
11512	41	40	19	9	1.3	44	37	19	9	0.44
11513	42	36	22	9	1	41	34	25	9	0.37
11514	37	40	23	9	1.07	36	36	28	5	0.37
11515	41	37	22	9	0.74	37	34	29	5	0.36
11516	39	39	22	9	1.65	37	35	28	5	0.69
11517	45	36	19	9	1	39	34	27	5	0.47
11518	37	40	23	9	1.07	36	36	28	5	0.37
11519	42	36	22	9	1	41	34	25	9	0.37
11520	45	36	19	9	1	39	34	27	5	0.47
11521	37	44	19	9	0.99	31	38	31	5	0.29
11522	77	14	9	11	0.7	67	16	17	11	0.4
11523	79	10	11	11	0.65	74	11	15	11	0.2
11524	17	32	51	3	1.25	19	29	52	3	0.45
11525	42	36	22	9	1	41	34	25	9	0.37
11526	41	37	22	9	0.74	37	34	29	5	0.36
11527	41	37	22	9	0.74	37	34	29	5	0.36
11528	47	29	24	9	0.83	39	27	34	5	0.28
11529	48	28	24	9	0.83	41	25	34	5	0.4
11530	19	32	49	3	1.19	21	32	47	3	0.55
11531	41	37	22	9	0.74	37	34	29	5	0.36
11532	42	36	22	9	1	41	34	25	9	0.37
11533	47	29	24	9	0.83	39	27	34	5	0.28
11534	48	28	24	9	0.83	41	25	34	5	0.4
11535	19	32	49	3	1.19	21	32	47	3	0.55
11536	41	37	22	9	0.74	37	34	29	5	0.36
11537	42	36	22	9	1	41	34	25	9	0.37
11538	37	44	19	9	0.99	31	38	31	5	0.29
11539	45	36	19	9	1	39	34	27	5	0.47
11540	41	37	22	9	0.74	37	34	29	5	0.36
11541	37	44	19	9	0.99	31	38	31	5	0.29
11542	77	14	9	11	0.7	67	16	17	11	0.4
11543	19	32	49	3	1.19	21	32	47	3	0.55
11544	41	37	22	9	0.74	37	34	29	5	0.36
11545	47	29	24	9	0.83	39	27	34	5	0.28
11546	77	14	9	11	0.7	67	16	17	11	0.4
11547	37	40	23	9	1.07	36	36	28	5	0.37
11548	41	37	22	9	0.74	37	34	29	5	0.36
11549	47	29	24	9	0.83	39	27	34	5	0.28
11550	77	14	9	11	0.7	67	16	17	11	0.4
11551	48	28	24	9	0.83	41	25	34	5	0.4
11552	41	37	22	9	0.74	37	34	29	5	0.36
11553	37	44	19	9	0.99	31	38	31	5	0.29
11554	48	28	24	9	0.83	41	25	34	5	0.4
11555	42	36	22	9	1	41	34	25	9	0.37
11556	48	28	24	9	0.83	41	25	34	5	0.4
11557	41	37	22	9	0.74	37	34	29	5	0.36
11558	42	36	22	9	1	41	34	25	9	0.37
11559	37	44	19	9	2.13	-99	-99	-99	-99	-99
11560	52	24	24	10	1	43	21	36	5	0.43
11561	35	54	11	7	1.2	37	43	20	9	0.25
11562	48	28	24	9	0.83	41	25	34	5	0.4
11563	37	44	19	9	0.99	31	38	31	5	0.29
11564	41	37	22	9	0.74	37	34	29	5	0.36
11565	75	15	10	11	0.7	68	17	15	11	0.27
11566	86	9	5	12	0.7	82	11	7	12	0.3
11567	35	54	11	7	1.2	37	43	20	9	0.25
11568	48	28	24	9	0.83	41	25	34	5	0.4
11569	42	36	22	9	1	41	34	25	9	0.37
11570	42	38	20	9	1.45	45	35	20	9	0.5
11571	42	34	24	9	1.61	-99	-99	-99	-99	-99
11572	44	35	21	9	0.75	40	35	25	9	0.47
11573	37	44	19	9	2.13	-99	-99	-99	-99	-99
11574	75	15	10	11	0.7	68	17	15	11	0.27
11575	90	5	5	13	0.39	87	5	8	12	0.2
11576	80	9	11	11	0.45	72	9	19	11	0.26
11577	75	15	10	11	0.7	68	17	15	11	0.27
11578	87	9	4	12	2.18	88	8	4	13	0.39
11579	47	29	24	9	0.83	39	27	34	5	0.28
11580	41	37	22	9	0.74	37	34	29	5	0.36
11581	19	32	49	3	1.19	21	32	47	3	0.55
11582	80	11	9	12	0.63	68	10	22	10	0.3
11583	78	13	9	11	0.57	64	13	23	10	0.3
11584	80	10	10	12	0.55	65	13	22	10	0.26
11585	89	6	5	13	0.5	89	6	5	13	0.3
11586	37	44	19	9	0.99	31	38	31	5	0.29
11587	41	37	22	9	0.74	37	34	29	5	0.36
11588	78	13	9	11	0.57	64	13	23	10	0.3
11589	19	32	49	3	1.19	21	32	47	3	0.55
11590	25	22	53	3	0.93	23	21	56	3	0.54
11591	19	32	49	3	1.41	18	31	51	3	0.49
11592	41	37	22	9	0.74	37	34	29	5	0.36
11593	17	32	51	3	1.25	19	29	52	3	0.45
11594	37	44	19	9	0.99	31	38	31	5	0.29
11595	41	37	22	9	0.74	37	34	29	5	0.36
11596	45	36	19	9	1	39	34	27	5	0.47
11597	80	11	9	11	0.5	63	12	25	10	0.28
11598	37	44	19	9	0.99	31	38	31	5	0.29
11599	37	40	23	9	1.07	36	36	28	5	0.37
11600	45	36	19	9	1	39	34	27	5	0.47
11601	42	36	22	9	1	41	34	25	9	0.37
11602	87	9	4	12	2.18	88	8	4	13	0.39
11603	89	6	5	13	0.5	89	6	5	13	0.3
11604	86	10	4	12	1.97	85	10	5	12	0.91
11605	87	9	4	12	2.18	88	8	4	13	0.39
11606	77	14	9	11	0.7	67	16	17	11	0.4
11607	86	10	4	12	1.97	85	10	5	12	0.91
11608	87	9	4	12	2.18	88	8	4	13	0.39
11609	75	15	10	11	0.7	68	17	15	11	0.27
11610	38	42	20	9	4.59	38	32	30	5	0.67
11611	79	13	8	12	2.59	-99	-99	-99	-99	-99
11612	45	52	3	7	4.6	51	45	4	11	0.81
11613	38	42	20	9	4.59	38	32	30	5	0.67
11614	20	40	40	3	33.63	47	26	27	10	32.89
11615	42	38	20	9	1.45	45	35	20	9	0.5
11616	49	31	20	9	2.4	-99	-99	-99	-99	-99
11617	86	10	4	12	1.97	85	10	5	12	0.91
11618	76	14	10	11	0.89	60	14	26	10	0.6
11619	87	9	4	12	2.18	88	8	4	13	0.39
11620	37	44	19	9	0.99	31	38	31	5	0.29
11621	86	10	4	12	1.97	85	10	5	12	0.91
11622	87	9	4	12	2.18	88	8	4	13	0.39
11623	37	44	19	9	0.99	31	38	31	5	0.29
11624	32	49	19	9	2.22	25	51	24	7	0.5
11625	35	33	32	5	39.4	52	23	25	10	38.46
11626	20	40	40	3	33.63	47	26	27	10	32.89
11627	76	14	10	11	0.89	60	14	26	10	0.6
11628	19	32	49	3	1.19	21	32	47	3	0.55
11629	20	40	40	3	33.63	47	26	27	10	32.89
11630	35	33	32	5	39.4	52	23	25	10	38.46
11631	20	40	40	3	33.63	47	26	27	10	32.89
11632	86	8	6	12	2.02	86	6	8	12	0.51
11633	17	29	54	3	4.54	22	25	53	3	1.23
11634	49	31	20	9	2.4	-99	-99	-99	-99	-99
11635	39	40	21	9	0.86	41	38	21	9	0.38
11636	47	33	20	9	1.05	51	29	20	9	0.41
11637	76	14	10	11	0.89	60	14	26	10	0.6
11638	35	33	32	5	39.4	52	23	25	10	38.46
11639	-99	-99	-99	-99	-99	-99	-99	-99	-99	-99
11640	80	9	11	11	0.45	72	9	19	11	0.26
11641	42	36	22	9	1	41	34	25	9	0.37
11642	37	44	19	9	0.99	31	38	31	5	0.29
11643	90	5	5	13	0.39	87	5	8	12	0.2
11644	41	37	22	9	0.74	37	34	29	5	0.36
11645	81	9	10	11	0.5	67	10	23	10	0.3
11646	75	19	6	11	0.9	79	14	7	12	0.28
11647	87	9	4	12	2.18	88	8	4	13	0.39
11648	-99	-99	-99	-99	-99	-99	-99	-99	-99	-99
11649	39	40	21	9	0.86	41	38	21	9	0.38
11650	79	12	9	11	0.87	79	11	10	11	0.26
11651	77	14	9	11	0.7	67	16	17	11	0.4
11652	39	40	21	9	0.86	41	38	21	9	0.38
11653	47	33	20	9	1.05	51	29	20	9	0.41
11654	77	14	9	11	0.7	67	16	17	11	0.4
11655	79	12	9	11	0.87	79	11	10	11	0.26
11656	80	12	8	12	0.58	79	11	10	11	0.24
11657	39	40	21	9	0.86	41	38	21	9	0.38
11658	79	12	9	11	0.87	79	11	10	11	0.26
11659	39	40	21	9	0.86	41	38	21	9	0.38
11660	39	40	21	9	0.86	41	38	21	9	0.38
11661	37	40	23	9	1.07	36	36	28	5	0.37
11662	40	39	21	9	1.17	41	34	25	9	0.4
11663	75	15	10	11	0.7	68	17	15	11	0.27
11664	40	39	21	9	1.17	41	34	25	9	0.4
11665	17	29	54	3	4.54	22	25	53	3	1.23
11666	20	40	40	3	33.63	47	26	27	10	32.89
11667	45	36	19	9	1	39	34	27	5	0.47
11668	40	39	21	9	1.17	41	34	25	9	0.4
11669	45	36	19	9	1	39	34	27	5	0.47
11670	17	29	54	3	4.54	22	25	53	3	1.23
11671	20	40	40	3	33.63	47	26	27	10	32.89
11672	38	42	20	9	4.59	38	32	30	5	0.67
11673	20	40	40	3	33.63	47	26	27	10	32.89
11674	86	8	6	12	2.02	86	6	8	12	0.51
11675	40	39	21	9	1.17	41	34	25	9	0.4
11676	85	8	7	12	0.49	84	9	7	12	0.4
11677	76	18	6	11	0.7	58	33	9	11	0.3
11678	78	13	9	11	0.7	77	13	10	11	0.31
11679	49	31	20	9	2.4	-99	-99	-99	-99	-99
11680	73	18	9	11	1.4	-99	-99	-99	-99	-99
11681	86	8	6	12	2.02	86	6	8	12	0.51
11682	-99	-99	-99	-99	-99	-99	-99	-99	-99	-99
11683	42	36	22	9	1	41	34	25	9	0.37
11684	42	36	22	9	1	41	34	25	9	0.37
11685	77	14	9	11	0.7	67	16	17	11	0.4
11686	45	36	19	9	1	39	34	27	5	0.47
11687	37	40	23	9	1.07	36	36	28	5	0.37
11688	75	15	10	11	0.7	68	17	15	11	0.27
11689	76	13	11	11	0.79	62	15	23	10	0.41
11690	17	29	54	3	4.54	22	25	53	3	1.23
11691	74	16	10	11	0.93	68	16	16	11	0.23
11692	42	38	20	9	1.45	45	35	20	9	0.5
11693	45	36	19	9	1	39	34	27	5	0.47
11694	40	39	21	9	1.17	41	34	25	9	0.4
11695	87	9	4	12	2.18	88	8	4	13	0.39
11696	75	15	10	11	0.7	68	17	15	11	0.27
11697	17	29	54	3	4.54	22	25	53	3	1.23
11698	79	13	8	12	2.59	-99	-99	-99	-99	-99
11699	83	11	6	12	0.5	80	11	9	12	0.3
11700	42	38	20	9	1.45	45	35	20	9	0.5
11701	42	36	22	9	1	41	34	25	9	0.37
11702	40	39	21	9	1.17	41	34	25	9	0.4
11703	37	40	23	9	1.07	36	36	28	5	0.37
11704	42	38	20	9	1.45	45	35	20	9	0.5
11705	75	15	10	11	0.7	68	17	15	11	0.27
11706	86	8	6	12	2.02	86	6	8	12	0.51
11707	40	39	21	9	1.17	41	34	25	9	0.4
11708	49	31	20	9	2.4	-99	-99	-99	-99	-99
11709	37	44	19	9	0.99	31	38	31	5	0.29
11710	17	32	51	3	1.25	19	29	52	3	0.45
11711	31	22	47	3	1.2	27	20	53	3	0.59
11712	40	39	21	9	1.17	41	34	25	9	0.4
11713	23	29	48	3	1.17	26	29	45	3	0.58
11714	19	32	49	3	1.19	21	32	47	3	0.55
11715	50	40	10	9	5.27	55	35	10	11	0.81
11716	45	52	3	7	4.6	51	45	4	11	0.81
11717	40	39	21	9	1.17	41	34	25	9	0.4
11718	87	9	4	12	2.18	88	8	4	13	0.39
11719	86	8	6	12	2.02	86	6	8	12	0.51
11720	74	16	10	11	0.93	68	16	16	11	0.23
11721	86	8	6	12	2.02	86	6	8	12	0.51
11722	20	40	40	3	33.63	47	26	27	10	32.89
11723	42	34	24	9	1.61	-99	-99	-99	-99	-99
11724	17	29	54	3	4.54	22	25	53	3	1.23
11725	86	8	6	12	2.02	86	6	8	12	0.51
11726	20	40	40	3	33.63	47	26	27	10	32.89
11727	17	29	54	3	4.54	22	25	53	3	1.23
11728	86	8	6	12	2.02	86	6	8	12	0.51
11729	75	15	10	11	0.7	68	17	15	11	0.27
11730	20	40	40	3	33.63	47	26	27	10	32.89
11731	17	29	54	3	4.54	22	25	53	3	1.23
11732	20	40	40	3	33.63	47	26	27	10	32.89
11733	17	29	54	3	4.54	22	25	53	3	1.23
11734	86	8	6	12	2.02	86	6	8	12	0.51
11735	20	40	40	3	33.63	47	26	27	10	32.89
11736	17	29	54	3	4.54	22	25	53	3	1.23
11737	86	8	6	12	2.02	86	6	8	12	0.51
11738	-99	-99	-99	-99	-99	-99	-99	-99	-99	-99
11739	42	34	24	9	1.61	-99	-99	-99	-99	-99
11740	20	40	40	3	33.63	47	26	27	10	32.89
11741	17	29	54	3	4.54	22	25	53	3	1.23
11742	86	8	6	12	2.02	86	6	8	12	0.51
11743	20	40	40	3	33.63	47	26	27	10	32.89
11744	17	29	54	3	4.54	22	25	53	3	1.23
11745	86	8	6	12	2.02	86	6	8	12	0.51
11746	-99	-99	-99	-99	-99	-99	-99	-99	-99	-99
11747	42	34	24	9	1.61	-99	-99	-99	-99	-99
11748	80	12	8	12	0.58	79	11	10	11	0.24
11749	79	12	9	11	0.87	79	11	10	11	0.26
11750	80	12	8	12	0.58	79	11	10	11	0.24
11751	35	33	32	5	39.4	52	23	25	10	38.46
11752	37	40	23	9	1.07	36	36	28	5	0.37
11753	42	36	22	9	1	41	34	25	9	0.37
11754	17	32	51	3	1.25	19	29	52	3	0.45
11755	40	39	21	9	1.17	41	34	25	9	0.4
11756	38	42	20	9	4.59	38	32	30	5	0.67
11757	45	36	19	9	1	39	34	27	5	0.47
11758	17	32	51	3	1.25	19	29	52	3	0.45
11759	17	29	54	3	4.54	22	25	53	3	1.23
11760	35	33	32	5	39.4	52	23	25	10	38.46
11761	40	39	21	9	1.17	41	34	25	9	0.4
11762	42	38	20	9	1.45	45	35	20	9	0.5
11763	40	39	21	9	1.17	41	34	25	9	0.4
11764	38	42	20	9	4.59	38	32	30	5	0.67
11765	42	38	20	9	1.45	45	35	20	9	0.5
11766	20	40	40	3	33.63	47	26	27	10	32.89
11767	38	42	20	9	4.59	38	32	30	5	0.67
11768	20	40	40	3	33.63	47	26	27	10	32.89
11769	42	34	24	9	1.61	-99	-99	-99	-99	-99
11770	42	34	24	9	1.61	-99	-99	-99	-99	-99
11771	-99	-99	-99	-99	-99	-99	-99	-99	-99	-99
11772	35	33	32	5	39.4	52	23	25	10	38.46
11773	74	16	10	11	0.93	68	16	16	11	0.23
11774	75	15	10	11	0.7	68	17	15	11	0.27
11775	75	15	10	11	0.7	68	17	15	11	0.27
11776	75	15	10	11	0.7	68	17	15	11	0.27
11777	74	16	10	11	0.93	68	16	16	11	0.23
11778	75	15	10	11	0.7	68	17	15	11	0.27
11779	74	16	10	11	0.93	68	16	16	11	0.23
11780	78	13	9	11	0.57	64	13	23	10	0.3
11781	77	14	9	11	0.7	67	16	17	11	0.4
11782	74	16	10	11	0.93	68	16	16	11	0.23
11783	75	15	10	11	0.7	68	17	15	11	0.27
11784	86	8	6	12	2.02	86	6	8	12	0.51
11785	20	40	40	3	33.63	47	26	27	10	32.89
11786	73	18	9	11	1.4	-99	-99	-99	-99	-99
11787	35	33	32	5	39.4	52	23	25	10	38.46
11788	78	13	9	11	0.57	64	13	23	10	0.3
11789	20	40	40	3	33.63	47	26	27	10	32.89
11790	20	40	40	3	33.63	47	26	27	10	32.89
11791	17	29	54	3	4.54	22	25	53	3	1.23
11792	79	13	8	12	2.59	-99	-99	-99	-99	-99
11793	75	15	10	11	0.7	68	17	15	11	0.27
11794	42	38	20	9	1.45	45	35	20	9	0.5
11795	40	39	21	9	1.17	41	34	25	9	0.4
11796	42	38	20	9	1.45	45	35	20	9	0.5
11797	37	40	23	9	1.07	36	36	28	5	0.37
11798	42	36	22	9	1	41	34	25	9	0.37
11799	49	31	20	9	2.4	-99	-99	-99	-99	-99
11800	75	15	10	11	0.7	68	17	15	11	0.27
11801	74	16	10	11	0.93	68	16	16	11	0.23
11802	20	40	40	3	33.63	47	26	27	10	32.89
11803	37	40	23	9	1.07	36	36	28	5	0.37
11804	42	36	22	9	1	41	34	25	9	0.37
11805	73	18	9	11	1.4	-99	-99	-99	-99	-99
11806	20	40	40	3	33.63	47	26	27	10	32.89
11807	86	8	6	12	2.02	86	6	8	12	0.51
11808	41	37	22	9	0.74	37	34	29	5	0.36
11809	31	54	15	7	1.59	24	50	26	7	0.2
11810	55	23	22	10	1.14	48	21	31	10	0.53
11811	37	44	19	9	0.99	31	38	31	5	0.29
11812	24	58	18	7	1.5	12	55	33	4	0.23
11813	21	29	50	3	1.43	21	28	51	3	0.58
11814	49	28	23	9	0.98	47	26	27	10	0.47
11815	49	28	23	9	0.98	47	26	27	10	0.47
11816	49	28	23	9	0.98	47	26	27	10	0.47
11817	49	28	23	9	0.98	47	26	27	10	0.47
11818	49	28	23	9	0.98	47	26	27	10	0.47
11819	49	28	23	9	0.98	47	26	27	10	0.47
11820	49	28	23	9	0.98	47	26	27	10	0.47
11821	23	29	48	3	1.17	26	29	45	3	0.58
11822	42	36	22	9	1	41	34	25	9	0.37
11823	23	29	48	3	1.17	26	29	45	3	0.58
11824	23	29	48	3	1.17	26	29	45	3	0.58
11825	42	36	22	9	1	41	34	25	9	0.37
11826	42	36	22	9	1	41	34	25	9	0.37
11827	36	43	21	9	0.65	34	43	23	9	0.43
11828	36	43	21	9	0.65	34	43	23	9	0.43
11829	36	43	21	9	0.65	34	43	23	9	0.43
11830	36	43	21	9	0.65	34	43	23	9	0.43
11831	36	43	21	9	0.65	34	43	23	9	0.43
11832	36	43	21	9	0.65	34	43	23	9	0.43
11833	36	43	21	9	0.65	34	43	23	9	0.43
11834	36	43	21	9	0.65	34	43	23	9	0.43
11835	76	12	12	11	0.36	70	14	16	11	0.34
11836	36	43	21	9	0.65	34	43	23	9	0.43
11837	36	43	21	9	0.65	34	43	23	9	0.43
11838	76	12	12	11	0.36	70	14	16	11	0.34
11839	36	43	21	9	0.65	34	43	23	9	0.43
11840	76	12	12	11	0.36	70	14	16	11	0.34
11841	36	43	21	9	0.65	34	43	23	9	0.43
11842	36	43	21	9	0.65	34	43	23	9	0.43
11843	36	43	21	9	0.65	34	43	23	9	0.43
11844	36	43	21	9	0.65	34	43	23	9	0.43
11845	36	43	21	9	0.65	34	43	23	9	0.43
11846	36	43	21	9	0.65	34	43	23	9	0.43
11847	36	43	21	9	0.65	34	43	23	9	0.43
11848	36	43	21	9	0.65	34	43	23	9	0.43
11849	76	12	12	11	0.36	70	14	16	11	0.34
11850	36	43	21	9	0.65	34	43	23	9	0.43
11851	76	12	12	11	0.36	70	14	16	11	0.34
11852	36	43	21	9	0.65	34	43	23	9	0.43
11853	36	43	21	9	0.65	34	43	23	9	0.43
11854	36	43	21	9	0.65	34	43	23	9	0.43
11855	76	12	12	11	0.36	70	14	16	11	0.34
11856	36	43	21	9	0.65	34	43	23	9	0.43
11857	36	43	21	9	0.65	34	43	23	9	0.43
11858	36	43	21	9	0.65	34	43	23	9	0.43
11859	36	43	21	9	0.65	34	43	23	9	0.43
11860	53	24	23	10	0.51	47	23	30	10	0.3
11861	83	6	11	12	0.3	76	7	17	11	0.2
11862	53	24	23	10	0.51	47	23	30	10	0.3
11863	53	24	23	10	0.51	47	23	30	10	0.3
11864	53	24	23	10	0.51	47	23	30	10	0.3
11865	53	24	23	10	0.51	47	23	30	10	0.3
11866	53	24	23	10	0.51	47	23	30	10	0.3
11867	34	22	44	3	0.63	30	21	49	3	0.3
11868	83	6	11	12	0.3	76	7	17	11	0.2
11869	53	24	23	10	0.51	47	23	30	10	0.3
11870	53	24	23	10	0.51	47	23	30	10	0.3
11871	53	24	23	10	0.51	47	23	30	10	0.3
11872	53	24	23	10	0.51	47	23	30	10	0.3
11873	47	29	24	9	0.83	39	27	34	5	0.28
11874	47	29	24	9	0.83	39	27	34	5	0.28
11875	47	29	24	9	0.83	39	27	34	5	0.28
11876	47	29	24	9	0.83	39	27	34	5	0.28
11877	47	29	24	9	0.83	39	27	34	5	0.28
11878	47	29	24	9	0.83	39	27	34	5	0.28
11879	47	29	24	9	0.83	39	27	34	5	0.28
11880	47	29	24	9	0.83	39	27	34	5	0.28
11881	80	11	9	12	0.63	68	10	22	10	0.3
11882	43	16	41	3	0.84	37	15	48	3	0.55
11883	47	29	24	9	0.83	39	27	34	5	0.28
11884	80	11	9	12	0.63	68	10	22	10	0.3
11885	80	11	9	12	0.63	68	10	22	10	0.3
11886	80	11	9	12	0.63	68	10	22	10	0.3
11887	29	50	21	7	1.12	34	45	21	9	0.82
11888	29	50	21	7	1.12	34	45	21	9	0.82
11889	46	40	14	9	1.15	40	45	15	9	0.78
11890	29	50	21	7	1.12	34	45	21	9	0.82
11891	29	50	21	7	1.12	34	45	21	9	0.82
11892	29	50	21	7	1.12	34	45	21	9	0.82
11893	29	50	21	7	1.12	34	45	21	9	0.82
11894	36	43	21	9	0.65	34	43	23	9	0.43
11895	36	43	21	9	0.65	34	43	23	9	0.43
11896	36	43	21	9	0.65	34	43	23	9	0.43
11897	36	43	21	9	0.65	34	43	23	9	0.43
11898	36	43	21	9	0.65	34	43	23	9	0.43
11899	36	43	21	9	0.65	34	43	23	9	0.43
11900	36	43	21	9	0.65	34	43	23	9	0.43
11901	36	43	21	9	0.65	34	43	23	9	0.43
11902	36	43	21	9	0.65	34	43	23	9	0.43
11903	36	43	21	9	0.65	34	43	23	9	0.43
11904	36	43	21	9	0.65	34	43	23	9	0.43
11905	76	12	12	11	0.36	70	14	16	11	0.34
11906	36	43	21	9	0.65	34	43	23	9	0.43
11907	76	12	12	11	0.36	70	14	16	11	0.34
11908	76	12	12	11	0.36	70	14	16	11	0.34
11909	36	43	21	9	0.65	34	43	23	9	0.43
11910	36	43	21	9	0.65	34	43	23	9	0.43
11911	25	54	21	7	1.6	23	49	28	5	0.4
11912	24	53	23	7	0.53	24	48	28	5	0.3
11913	39	42	19	9	1.15	34	41	25	9	0.78
11914	23	54	23	7	2.09	26	52	22	7	0.89
11915	28	47	25	9	1.65	28	47	25	9	0.78
11916	34	41	25	9	1.64	34	37	29	5	0.78
11917	79	5	16	11	1.02	68	4	28	10	0.4
11918	82	8	10	12	1.02	56	12	32	10	0.4
11919	42	36	22	9	1	41	34	25	9	0.37
11920	38	39	23	9	1.95	40	37	23	9	0.67
11921	35	42	23	9	1.26	29	38	33	5	0.5
11922	38	34	28	5	1.7	34	30	36	5	0.62
11923	38	34	28	5	1.7	34	30	36	5	0.62
11924	25	54	21	7	1.6	23	49	28	5	0.4
11925	25	54	21	7	1.6	23	49	28	5	0.4
11926	66	10	24	10	0.43	86	7	7	12	0.24
11927	25	54	21	7	1.6	23	49	28	5	0.4
11928	23	54	23	7	2.09	26	52	22	7	0.89
11929	23	54	23	7	2.09	26	52	22	7	0.89
11930	12	46	42	2	2.62	12	48	40	2	1.17
11931	72	19	9	11	1.14	69	19	12	11	0.5
11932	23	54	23	7	2.09	26	52	22	7	0.89
11933	89	6	5	13	0.4	90	5	5	13	0.2
11934	23	54	23	7	2.09	26	52	22	7	0.89
11935	90	5	5	13	0.4	90	5	5	13	0.21
11936	19	37	44	3	2.44	14	39	47	3	1.25
11937	34	41	25	9	1.64	34	37	29	5	0.78
11938	34	41	25	9	1.64	34	37	29	5	0.78
11939	34	41	25	9	1.64	34	37	29	5	0.78
11940	28	47	25	9	1.65	28	47	25	9	0.78
11941	28	47	25	9	1.65	28	47	25	9	0.78
11942	82	8	10	12	1.02	56	12	32	10	0.4
11943	82	8	10	12	1.02	56	12	32	10	0.4
11944	39	42	19	9	1.15	34	41	25	9	0.78
11945	28	47	25	9	1.65	28	47	25	9	0.78
11946	28	47	25	9	1.65	28	47	25	9	0.78
11947	28	47	25	9	1.65	28	47	25	9	0.78
11948	28	47	25	9	1.65	28	47	25	9	0.78
11949	34	41	25	9	2.17	31	38	31	5	0.82
11950	39	42	19	9	1.15	34	41	25	9	0.78
11951	28	47	25	9	1.65	28	47	25	9	0.78
11952	13	42	45	2	2.1	13	44	43	2	0.86
11953	36	42	22	9	1.28	30	42	28	5	0.6
11954	36	42	22	9	1.28	30	42	28	5	0.6
11955	36	42	22	9	1.28	30	42	28	5	0.6
11956	69	21	10	11	0.4	41	38	21	9	0.3
11957	36	42	22	9	1.28	30	42	28	5	0.6
11958	36	42	22	9	1.28	30	42	28	5	0.6
11959	36	42	22	9	1.28	30	42	28	5	0.6
11960	69	21	10	11	0.4	41	38	21	9	0.3
11961	8	54	38	4	1.68	8	51	41	2	0.74
11962	89	6	5	13	0.5	89	6	5	13	0.3
11963	34	48	18	9	0.6	36	46	18	9	0.4
11964	66	10	24	10	0.43	86	7	7	12	0.24
11965	83	8	9	12	0.4	79	10	11	11	0.2
11966	37	42	21	9	1.2	37	43	20	9	0.48
11967	37	42	21	9	1.2	37	43	20	9	0.48
11968	37	42	21	9	1.2	37	43	20	9	0.48
11969	37	42	21	9	1.2	37	43	20	9	0.48
11970	30	39	31	5	0.4	29	40	31	5	0.3
11971	37	42	21	9	1.2	37	43	20	9	0.48
11972	37	42	21	9	1.2	37	43	20	9	0.48
11973	37	42	21	9	1.2	37	43	20	9	0.48
11974	37	42	21	9	1.2	37	43	20	9	0.48
11975	37	42	21	9	1.2	37	43	20	9	0.48
11976	37	42	21	9	1.2	37	43	20	9	0.48
11977	37	42	21	9	1.2	37	43	20	9	0.48
11978	79	15	6	12	0.41	79	15	6	12	0.17
11979	89	6	5	13	0.43	89	5	6	13	0.24
11980	52	25	23	10	0.6	49	23	28	10	0.49
11981	29	45	26	9	1.42	29	47	24	9	0.57
11982	29	45	26	9	1.42	29	47	24	9	0.57
11983	29	45	26	9	1.42	29	47	24	9	0.57
11984	71	20	9	11	0.4	55	27	18	11	0.3
11985	29	45	26	9	1.42	29	47	24	9	0.57
11986	29	45	26	9	1.42	29	47	24	9	0.57
11987	52	25	23	10	0.6	49	23	28	10	0.49
11988	79	15	6	12	0.41	79	15	6	12	0.17
11989	89	6	5	13	0.43	89	5	6	13	0.24
11990	37	42	21	9	1.2	37	43	20	9	0.48
11991	37	42	21	9	1.2	37	43	20	9	0.48
11992	37	42	21	9	1.2	37	43	20	9	0.48
11993	30	39	31	5	0.4	29	40	31	5	0.3
11994	37	42	21	9	1.2	37	43	20	9	0.48
11995	29	45	26	9	1.42	29	47	24	9	0.57
11996	29	45	26	9	1.42	29	47	24	9	0.57
11997	29	45	26	9	1.42	29	47	24	9	0.57
11998	29	45	26	9	1.42	29	47	24	9	0.57
11999	29	45	26	9	1.42	29	47	24	9	0.57
