ncols         120
nrows         113
xllcorner     116.50986550247
yllcorner     26.347145491795
cellsize      0.008062025005
NODATA_value  -9999
-9999 -9999 -9999 -9999 -9999 -9999 -9999 -9999 -9999 -9999 -9999 -9999 -9999 -9999 -9999 -9999 -9999 -9999 -9999 -9999 -9999 -9999 -9999 -9999 -9999 -9999 -9999 -9999 -9999 -9999 -9999 -9999 -9999 -9999 -9999 -9999 -9999 -9999 -9999 -9999 -9999 -9999 -9999 -9999 -9999 -9999 -9999 -9999 -9999 -9999 -9999 -9999 -9999 -9999 -9999 -9999 -9999 -9999 -9999 -9999 -9999 -9999 -9999 -9999 -9999 -9999 -9999 -9999 -9999 -9999 -9999 -9999 -9999 -9999 -9999 -9999 -9999 -9999 -9999 -9999 -9999 -9999 -9999 -9999 -9999 -9999 -9999 -9999 -9999 -9999 -9999 -9999 -9999 1086 1137 -9999 -9999 -9999 -9999 -9999 -9999 -9999 -9999 -9999 -9999 -9999 -9999 -9999 -9999 -9999 -9999 -9999 -9999 -9999 -9999 -9999 -9999 -9999 -9999 -9999 
-9999 -9999 -9999 -9999 -9999 -9999 -9999 -9999 -9999 -9999 -9999 -9999 -9999 -9999 -9999 -9999 -9999 -9999 -9999 -9999 -9999 -9999 -9999 -9999 -9999 -9999 -9999 -9999 -9999 -9999 -9999 -9999 -9999 -9999 -9999 -9999 -9999 -9999 -9999 -9999 -9999 -9999 -9999 -9999 -9999 -9999 -9999 -9999 -9999 -9999 -9999 -9999 -9999 -9999 -9999 -9999 -9999 -9999 -9999 -9999 -9999 -9999 -9999 -9999 -9999 -9999 -9999 -9999 -9999 -9999 -9999 -9999 -9999 -9999 -9999 -9999 -9999 -9999 -9999 -9999 -9999 -9999 -9999 -9999 -9999 -9999 -9999 -9999 -9999 -9999 -9999 -9999 -9999 1117 761 858 858 761 743 749 -9999 -9999 -9999 -9999 -9999 -9999 -9999 -9999 -9999 -9999 -9999 -9999 -9999 -9999 -9999 -9999 -9999 -9999 -9999 -9999 
-9999 -9999 -9999 -9999 -9999 -9999 -9999 -9999 -9999 -9999 -9999 -9999 -9999 -9999 -9999 -9999 -9999 -9999 -9999 -9999 -9999 -9999 -9999 -9999 -9999 -9999 -9999 -9999 -9999 -9999 -9999 -9999 -9999 -9999 -9999 -9999 -9999 -9999 -9999 -9999 -9999 -9999 -9999 -9999 -9999 -9999 -9999 -9999 -9999 -9999 -9999 -9999 -9999 -9999 -9999 -9999 -9999 -9999 -9999 -9999 -9999 -9999 -9999 -9999 -9999 -9999 -9999 -9999 -9999 -9999 -9999 -9999 -9999 -9999 -9999 -9999 -9999 -9999 -9999 -9999 -9999 -9999 -9999 -9999 -9999 -9999 -9999 -9999 -9999 -9999 -9999 -9999 -9999 915 611 621 621 584 570 612 639 738 -9999 -9999 -9999 -9999 -9999 -9999 -9999 -9999 -9999 -9999 -9999 -9999 -9999 -9999 -9999 -9999 -9999 -9999 
-9999 -9999 -9999 -9999 -9999 -9999 -9999 -9999 -9999 -9999 -9999 -9999 -9999 -9999 -9999 -9999 -9999 -9999 -9999 -9999 -9999 -9999 -9999 -9999 -9999 -9999 -9999 -9999 -9999 -9999 -9999 -9999 -9999 -9999 -9999 -9999 -9999 -9999 -9999 -9999 -9999 -9999 -9999 -9999 -9999 -9999 -9999 -9999 -9999 -9999 -9999 -9999 -9999 -9999 -9999 -9999 -9999 -9999 -9999 -9999 -9999 -9999 -9999 -9999 -9999 -9999 -9999 -9999 -9999 -9999 -9999 -9999 -9999 -9999 -9999 -9999 -9999 -9999 -9999 -9999 -9999 -9999 -9999 -9999 -9999 -9999 -9999 -9999 -9999 -9999 999 1116 1116 825 481 507 451 451 478 532 639 639 -9999 -9999 -9999 -9999 -9999 -9999 -9999 -9999 -9999 -9999 -9999 -9999 -9999 -9999 -9999 -9999 -9999 -9999 
-9999 -9999 -9999 -9999 -9999 -9999 -9999 -9999 -9999 -9999 -9999 -9999 -9999 -9999 -9999 -9999 -9999 -9999 -9999 -9999 -9999 -9999 -9999 -9999 -9999 -9999 -9999 -9999 -9999 -9999 -9999 -9999 -9999 -9999 -9999 -9999 -9999 -9999 -9999 -9999 -9999 -9999 -9999 -9999 -9999 -9999 -9999 -9999 -9999 -9999 -9999 -9999 -9999 -9999 -9999 -9999 -9999 -9999 -9999 -9999 -9999 -9999 -9999 -9999 -9999 -9999 -9999 -9999 -9999 -9999 -9999 -9999 -9999 -9999 -9999 -9999 -9999 -9999 -9999 -9999 -9999 -9999 -9999 -9999 -9999 -9999 -9999 -9999 -9999 -9999 1234 867 646 646 522 468 443 443 418 532 533 632 632 -9999 -9999 -9999 -9999 -9999 -9999 -9999 -9999 -9999 -9999 -9999 -9999 -9999 -9999 -9999 -9999 -9999 
-9999 -9999 -9999 -9999 -9999 -9999 -9999 -9999 -9999 -9999 -9999 -9999 -9999 -9999 -9999 -9999 -9999 -9999 -9999 -9999 -9999 -9999 -9999 -9999 -9999 -9999 -9999 -9999 -9999 -9999 -9999 -9999 -9999 -9999 -9999 -9999 -9999 -9999 -9999 -9999 -9999 -9999 -9999 -9999 -9999 -9999 -9999 -9999 -9999 -9999 -9999 -9999 -9999 -9999 -9999 -9999 -9999 -9999 -9999 -9999 -9999 -9999 -9999 -9999 -9999 -9999 -9999 -9999 -9999 -9999 -9999 -9999 -9999 -9999 -9999 -9999 -9999 -9999 -9999 -9999 -9999 -9999 -9999 -9999 -9999 -9999 -9999 -9999 -9999 -9999 1088 816 594 594 436 483 417 408 418 428 541 538 651 -9999 -9999 -9999 -9999 -9999 -9999 -9999 -9999 -9999 -9999 -9999 -9999 -9999 -9999 -9999 -9999 -9999 
-9999 -9999 -9999 -9999 -9999 -9999 -9999 -9999 -9999 -9999 -9999 -9999 -9999 -9999 -9999 -9999 -9999 -9999 -9999 -9999 -9999 -9999 -9999 -9999 -9999 -9999 -9999 -9999 -9999 -9999 -9999 -9999 -9999 -9999 -9999 -9999 -9999 -9999 -9999 -9999 -9999 -9999 -9999 -9999 -9999 -9999 -9999 -9999 -9999 -9999 -9999 -9999 -9999 -9999 -9999 -9999 -9999 -9999 -9999 -9999 -9999 -9999 -9999 -9999 -9999 -9999 -9999 -9999 -9999 -9999 -9999 -9999 -9999 -9999 -9999 -9999 -9999 -9999 -9999 -9999 -9999 -9999 -9999 -9999 -9999 -9999 -9999 -9999 -9999 -9999 943 744 576 472 472 427 417 408 408 404 498 534 759 -9999 -9999 -9999 584 805 805 -9999 -9999 -9999 -9999 -9999 -9999 -9999 -9999 -9999 -9999 -9999 
-9999 -9999 -9999 -9999 -9999 -9999 -9999 -9999 -9999 -9999 -9999 -9999 -9999 -9999 -9999 -9999 -9999 -9999 -9999 -9999 -9999 -9999 -9999 -9999 -9999 -9999 -9999 -9999 -9999 -9999 -9999 -9999 -9999 -9999 -9999 -9999 -9999 -9999 -9999 -9999 -9999 -9999 -9999 -9999 -9999 -9999 -9999 -9999 -9999 -9999 -9999 -9999 -9999 -9999 -9999 -9999 -9999 -9999 -9999 -9999 -9999 -9999 -9999 -9999 -9999 -9999 -9999 -9999 -9999 -9999 -9999 -9999 -9999 -9999 -9999 -9999 -9999 -9999 -9999 -9999 -9999 -9999 -9999 -9999 -9999 -9999 -9999 743 805 805 751 744 577 435 435 427 412 394 390 390 558 605 725 776 776 610 584 557 557 654 768 674 583 583 -9999 -9999 -9999 -9999 -9999 -9999 
-9999 -9999 -9999 -9999 -9999 -9999 -9999 -9999 -9999 -9999 -9999 -9999 -9999 -9999 -9999 -9999 -9999 -9999 -9999 -9999 -9999 -9999 -9999 -9999 -9999 -9999 -9999 -9999 -9999 -9999 -9999 -9999 -9999 -9999 -9999 -9999 -9999 -9999 -9999 -9999 -9999 -9999 -9999 -9999 -9999 -9999 -9999 -9999 -9999 -9999 -9999 -9999 -9999 -9999 -9999 -9999 -9999 -9999 -9999 -9999 -9999 -9999 -9999 -9999 -9999 -9999 -9999 -9999 -9999 -9999 -9999 -9999 -9999 -9999 -9999 -9999 -9999 -9999 -9999 -9999 -9999 -9999 -9999 -9999 -9999 -9999 -9999 700 710 903 903 807 462 507 450 450 417 390 396 396 474 596 699 663 776 557 517 512 493 493 493 493 550 493 577 560 641 961 -9999 -9999 
-9999 -9999 -9999 -9999 -9999 -9999 -9999 -9999 -9999 -9999 -9999 -9999 -9999 -9999 -9999 -9999 -9999 -9999 -9999 -9999 -9999 -9999 -9999 -9999 -9999 -9999 -9999 -9999 -9999 -9999 -9999 -9999 -9999 -9999 -9999 -9999 -9999 -9999 -9999 -9999 -9999 -9999 -9999 -9999 -9999 -9999 -9999 -9999 -9999 -9999 -9999 -9999 -9999 -9999 -9999 -9999 -9999 -9999 -9999 -9999 -9999 -9999 -9999 -9999 -9999 -9999 -9999 -9999 -9999 -9999 -9999 -9999 -9999 -9999 -9999 -9999 -9999 -9999 -9999 -9999 -9999 -9999 -9999 875 948 777 777 692 653 549 549 637 520 507 401 401 401 384 397 473 473 543 719 663 522 522 518 525 493 493 493 493 493 493 493 919 803 1182 -9999 -9999 
-9999 -9999 -9999 -9999 -9999 -9999 -9999 -9999 -9999 -9999 -9999 -9999 -9999 -9999 -9999 -9999 -9999 -9999 -9999 -9999 -9999 -9999 -9999 -9999 -9999 -9999 -9999 -9999 -9999 -9999 -9999 -9999 -9999 -9999 -9999 -9999 -9999 -9999 -9999 -9999 -9999 -9999 -9999 -9999 -9999 -9999 -9999 -9999 -9999 -9999 -9999 -9999 -9999 -9999 -9999 -9999 -9999 -9999 -9999 -9999 -9999 -9999 -9999 -9999 -9999 -9999 -9999 -9999 -9999 -9999 -9999 -9999 -9999 -9999 -9999 -9999 -9999 -9999 -9999 -9999 -9999 -9999 -9999 1067 799 789 789 613 506 574 493 493 520 493 426 383 383 380 382 441 441 441 719 646 475 475 475 495 493 493 493 627 493 520 869 869 1058 1159 -9999 -9999 
-9999 -9999 -9999 -9999 -9999 -9999 -9999 -9999 -9999 -9999 -9999 -9999 -9999 -9999 -9999 -9999 -9999 -9999 -9999 -9999 -9999 -9999 -9999 -9999 -9999 -9999 -9999 -9999 -9999 -9999 -9999 -9999 -9999 -9999 -9999 -9999 -9999 -9999 -9999 -9999 -9999 -9999 -9999 -9999 -9999 -9999 -9999 -9999 -9999 -9999 -9999 -9999 -9999 -9999 -9999 -9999 -9999 -9999 -9999 -9999 -9999 -9999 -9999 -9999 -9999 -9999 -9999 -9999 -9999 -9999 -9999 -9999 -9999 -9999 -9999 -9999 -9999 -9999 -9999 -9999 -9999 -9999 -9999 -9999 846 650 691 691 676 498 522 493 493 414 418 380 380 380 380 435 444 441 692 482 492 475 475 493 495 553 553 627 741 673 717 717 1213 1455 -9999 -9999 
-9999 -9999 -9999 -9999 -9999 -9999 -9999 -9999 -9999 -9999 -9999 -9999 -9999 -9999 -9999 -9999 -9999 -9999 -9999 -9999 -9999 -9999 -9999 -9999 -9999 -9999 -9999 -9999 -9999 -9999 -9999 -9999 -9999 -9999 -9999 -9999 -9999 -9999 -9999 -9999 -9999 -9999 -9999 -9999 -9999 -9999 -9999 -9999 -9999 -9999 -9999 -9999 -9999 -9999 -9999 -9999 -9999 -9999 -9999 -9999 -9999 -9999 -9999 -9999 -9999 -9999 -9999 -9999 -9999 -9999 -9999 -9999 -9999 -9999 -9999 -9999 -9999 -9999 -9999 -9999 -9999 -9999 1026 1026 720 701 650 650 762 601 522 420 420 397 435 403 415 415 380 408 444 444 465 445 445 509 509 527 570 624 763 763 1080 701 673 987 987 1017 1163 -9999 
-9999 -9999 -9999 -9999 -9999 -9999 -9999 -9999 -9999 -9999 -9999 -9999 -9999 -9999 -9999 -9999 -9999 -9999 -9999 -9999 -9999 -9999 -9999 -9999 -9999 -9999 -9999 -9999 -9999 -9999 -9999 -9999 -9999 -9999 -9999 -9999 -9999 -9999 -9999 -9999 -9999 -9999 -9999 -9999 -9999 -9999 -9999 -9999 -9999 -9999 -9999 -9999 -9999 -9999 -9999 -9999 -9999 -9999 -9999 -9999 -9999 -9999 -9999 -9999 -9999 -9999 -9999 -9999 -9999 -9999 -9999 -9999 -9999 -9999 -9999 -9999 -9999 -9999 -9999 -9999 -9999 -9999 741 741 958 644 602 677 677 601 464 364 364 364 395 399 380 380 434 408 441 489 489 445 465 489 505 505 598 624 878 878 1224 934 673 673 673 840 832 -9999 
-9999 -9999 -9999 -9999 -9999 -9999 -9999 -9999 -9999 -9999 -9999 -9999 -9999 -9999 -9999 -9999 -9999 -9999 -9999 -9999 -9999 -9999 -9999 -9999 -9999 -9999 -9999 -9999 -9999 -9999 -9999 -9999 -9999 -9999 -9999 -9999 -9999 -9999 -9999 -9999 -9999 -9999 -9999 -9999 -9999 -9999 -9999 -9999 -9999 -9999 -9999 -9999 -9999 -9999 -9999 -9999 -9999 -9999 -9999 -9999 -9999 -9999 -9999 -9999 -9999 -9999 -9999 -9999 -9999 -9999 -9999 -9999 -9999 -9999 -9999 -9999 -9999 -9999 -9999 -9999 -9999 -9999 1056 843 843 794 524 475 677 648 438 367 364 364 371 415 393 380 434 397 421 437 411 411 441 626 577 577 598 849 1154 1441 1441 841 712 913 832 832 832 -9999 
-9999 -9999 -9999 -9999 -9999 -9999 -9999 -9999 -9999 -9999 -9999 -9999 -9999 -9999 -9999 -9999 -9999 -9999 -9999 -9999 -9999 -9999 -9999 -9999 -9999 -9999 -9999 -9999 -9999 -9999 -9999 -9999 -9999 -9999 -9999 -9999 -9999 -9999 -9999 -9999 -9999 -9999 -9999 -9999 -9999 -9999 -9999 -9999 -9999 -9999 -9999 -9999 -9999 -9999 -9999 -9999 -9999 -9999 -9999 -9999 -9999 -9999 -9999 -9999 -9999 -9999 -9999 -9999 -9999 -9999 -9999 -9999 -9999 -9999 -9999 -9999 -9999 -9999 -9999 -9999 -9999 -9999 -9999 1006 1006 765 524 475 532 532 403 373 364 402 402 428 383 380 380 364 364 386 402 402 533 656 578 628 628 1041 1243 1157 761 761 810 980 1151 832 832 977 
-9999 -9999 -9999 -9999 -9999 -9999 -9999 -9999 -9999 -9999 -9999 -9999 -9999 -9999 -9999 -9999 -9999 -9999 -9999 -9999 -9999 -9999 -9999 -9999 -9999 -9999 -9999 -9999 -9999 -9999 -9999 -9999 -9999 -9999 -9999 -9999 -9999 -9999 -9999 -9999 -9999 -9999 -9999 -9999 -9999 -9999 -9999 -9999 -9999 -9999 -9999 -9999 -9999 -9999 -9999 -9999 -9999 -9999 -9999 -9999 -9999 -9999 -9999 -9999 -9999 -9999 -9999 -9999 -9999 -9999 -9999 -9999 -9999 -9999 -9999 -9999 -9999 -9999 -9999 -9999 -9999 -9999 -9999 1050 870 765 656 475 403 403 417 367 364 399 399 364 383 388 364 364 459 506 450 496 496 573 578 595 595 740 910 1272 904 904 866 1046 1151 914 914 -9999 
-9999 -9999 -9999 -9999 -9999 -9999 -9999 -9999 -9999 -9999 -9999 -9999 -9999 -9999 -9999 -9999 -9999 -9999 -9999 -9999 -9999 -9999 -9999 -9999 -9999 -9999 -9999 -9999 -9999 -9999 -9999 -9999 -9999 -9999 -9999 -9999 -9999 -9999 -9999 -9999 -9999 -9999 -9999 -9999 -9999 -9999 -9999 -9999 -9999 -9999 -9999 -9999 -9999 -9999 -9999 -9999 -9999 -9999 -9999 -9999 -9999 -9999 -9999 -9999 -9999 -9999 -9999 -9999 -9999 -9999 -9999 -9999 -9999 -9999 -9999 -9999 -9999 -9999 -9999 -9999 1245 1058 1021 845 870 870 648 584 507 364 364 403 364 463 364 364 364 364 427 427 484 681 494 479 479 573 556 581 724 724 792 979 1073 866 866 1046 1019 1156 1156 -9999 
-9999 -9999 -9999 -9999 -9999 -9999 -9999 -9999 -9999 -9999 -9999 -9999 -9999 -9999 -9999 -9999 -9999 -9999 -9999 -9999 -9999 -9999 -9999 -9999 -9999 -9999 -9999 -9999 -9999 -9999 -9999 -9999 -9999 -9999 -9999 -9999 -9999 -9999 -9999 -9999 -9999 -9999 -9999 -9999 -9999 -9999 -9999 -9999 -9999 -9999 -9999 -9999 -9999 -9999 -9999 -9999 -9999 -9999 -9999 -9999 -9999 -9999 -9999 -9999 -9999 -9999 -9999 1165 -9999 -9999 -9999 -9999 -9999 -9999 -9999 -9999 -9999 -9999 1109 1053 1006 1006 1033 845 718 624 624 755 551 393 393 364 364 463 364 364 364 364 364 460 460 556 697 675 557 557 556 590 602 602 707 913 1170 898 866 1040 1320 -9999 -9999 -9999 
-9999 -9999 -9999 -9999 -9999 -9999 -9999 -9999 -9999 -9999 -9999 -9999 -9999 -9999 -9999 -9999 -9999 -9999 -9999 -9999 -9999 -9999 -9999 -9999 -9999 -9999 -9999 -9999 -9999 -9999 -9999 -9999 -9999 -9999 -9999 -9999 -9999 -9999 -9999 -9999 -9999 -9999 -9999 -9999 -9999 -9999 -9999 -9999 -9999 -9999 -9999 -9999 -9999 -9999 -9999 -9999 -9999 -9999 -9999 -9999 -9999 -9999 -9999 -9999 -9999 -9999 1155 1155 853 971 1076 805 -9999 -9999 -9999 -9999 -9999 1008 921 792 756 756 1033 703 684 597 597 596 610 473 380 380 364 413 364 380 380 371 374 399 399 550 697 675 676 676 556 617 688 753 753 906 1161 898 1076 1076 -9999 -9999 -9999 -9999 
-9999 -9999 -9999 -9999 -9999 -9999 -9999 -9999 -9999 -9999 -9999 -9999 -9999 -9999 -9999 -9999 -9999 -9999 -9999 -9999 -9999 -9999 -9999 -9999 -9999 -9999 -9999 -9999 -9999 -9999 -9999 -9999 -9999 -9999 -9999 -9999 -9999 -9999 -9999 -9999 -9999 -9999 -9999 -9999 -9999 -9999 -9999 -9999 -9999 -9999 -9999 -9999 -9999 -9999 -9999 -9999 -9999 -9999 -9999 -9999 -9999 -9999 -9999 -9999 -9999 1094 1028 764 764 853 937 805 833 833 1055 1002 1066 1066 609 527 632 867 867 686 618 435 659 659 527 429 379 380 364 364 394 353 353 362 362 438 522 550 609 602 648 556 556 603 531 598 598 906 1161 1179 -9999 -9999 -9999 -9999 -9999 -9999 
-9999 -9999 -9999 -9999 -9999 -9999 -9999 -9999 -9999 -9999 -9999 -9999 -9999 -9999 -9999 -9999 -9999 -9999 -9999 -9999 -9999 -9999 -9999 -9999 -9999 -9999 -9999 -9999 -9999 -9999 -9999 -9999 -9999 -9999 -9999 -9999 -9999 -9999 -9999 -9999 -9999 -9999 -9999 -9999 -9999 -9999 -9999 -9999 -9999 -9999 -9999 -9999 -9999 -9999 -9999 -9999 -9999 -9999 1276 1229 1303 1442 1048 1023 1023 1074 950 764 764 853 937 792 782 782 949 719 930 648 648 502 632 629 675 675 544 602 435 435 449 435 379 367 367 394 367 353 363 363 383 499 522 522 558 546 481 457 457 531 545 679 741 741 855 992 -9999 -9999 -9999 -9999 -9999 -9999 
-9999 -9999 -9999 -9999 -9999 -9999 -9999 -9999 -9999 -9999 -9999 -9999 -9999 -9999 -9999 -9999 -9999 -9999 -9999 -9999 -9999 -9999 -9999 -9999 -9999 -9999 -9999 -9999 -9999 -9999 -9999 -9999 -9999 -9999 -9999 -9999 -9999 -9999 -9999 -9999 -9999 -9999 -9999 -9999 -9999 -9999 -9999 -9999 -9999 -9999 -9999 -9999 -9999 -9999 -9999 -9999 -9999 -9999 1276 1276 992 1045 1031 870 870 996 976 900 738 738 862 815 757 743 743 912 666 582 582 502 438 495 766 766 529 512 448 435 435 435 400 429 379 379 417 353 385 385 406 499 480 522 522 610 532 457 509 509 548 679 699 699 899 963 -9999 -9999 -9999 -9999 -9999 -9999 
-9999 -9999 -9999 -9999 -9999 -9999 -9999 -9999 -9999 -9999 -9999 -9999 -9999 -9999 -9999 -9999 -9999 -9999 -9999 -9999 -9999 -9999 -9999 -9999 -9999 -9999 -9999 -9999 -9999 -9999 -9999 -9999 -9999 -9999 -9999 -9999 -9999 -9999 -9999 -9999 -9999 -9999 -9999 -9999 -9999 -9999 -9999 -9999 -9999 -9999 -9999 -9999 -9999 -9999 -9999 -9999 -9999 -9999 1219 879 879 703 876 858 920 920 959 900 778 778 714 806 808 698 698 794 847 497 462 462 423 434 583 631 631 544 486 435 435 444 400 436 439 439 378 353 357 387 406 504 451 451 555 555 457 461 583 583 548 651 749 847 847 1203 -9999 -9999 -9999 -9999 -9999 -9999 
-9999 -9999 -9999 -9999 -9999 -9999 -9999 -9999 -9999 -9999 -9999 -9999 -9999 -9999 -9999 -9999 -9999 -9999 -9999 -9999 -9999 -9999 -9999 -9999 -9999 -9999 -9999 -9999 -9999 -9999 -9999 -9999 -9999 -9999 -9999 -9999 -9999 -9999 -9999 -9999 -9999 -9999 -9999 -9999 -9999 -9999 -9999 -9999 -9999 -9999 -9999 -9999 -9999 -9999 -9999 -9999 1221 1230 1118 827 827 603 702 826 910 910 959 795 730 764 764 698 698 698 894 894 847 497 471 471 490 423 458 817 817 597 612 435 464 464 397 408 400 414 414 353 353 387 387 474 451 457 536 536 486 457 508 599 599 699 783 906 -9999 -9999 -9999 -9999 -9999 -9999 -9999 -9999 
-9999 -9999 -9999 -9999 -9999 -9999 -9999 -9999 -9999 -9999 -9999 -9999 -9999 -9999 -9999 -9999 -9999 -9999 -9999 -9999 -9999 -9999 -9999 -9999 -9999 -9999 -9999 -9999 -9999 -9999 -9999 -9999 -9999 -9999 -9999 -9999 -9999 -9999 -9999 -9999 -9999 -9999 -9999 -9999 -9999 -9999 -9999 -9999 -9999 -9999 -9999 -9999 -9999 -9999 -9999 968 968 844 1000 908 602 602 578 639 1013 947 947 795 723 723 723 820 698 698 698 894 712 499 416 416 416 416 477 620 570 570 612 508 435 435 413 397 461 373 373 353 353 383 416 416 447 414 509 461 461 457 508 541 541 632 851 -9999 -9999 -9999 -9999 -9999 -9999 -9999 -9999 -9999 
-9999 -9999 -9999 -9999 -9999 -9999 -9999 -9999 -9999 -9999 -9999 -9999 -9999 -9999 -9999 -9999 -9999 -9999 -9999 -9999 -9999 -9999 -9999 -9999 -9999 -9999 -9999 -9999 -9999 -9999 -9999 -9999 -9999 -9999 -9999 -9999 -9999 -9999 -9999 -9999 -9999 -9999 -9999 -9999 -9999 -9999 -9999 -9999 -9999 -9999 -9999 -9999 -9999 -9999 828 740 686 686 685 640 568 568 568 1021 1013 973 973 994 891 759 766 766 698 703 698 581 581 536 526 535 535 416 457 713 570 570 484 384 443 432 432 360 403 365 353 353 353 391 446 446 457 405 454 418 418 457 525 483 621 621 674 -9999 -9999 -9999 -9999 -9999 -9999 -9999 -9999 -9999 
-9999 -9999 -9999 -9999 -9999 -9999 -9999 -9999 -9999 -9999 -9999 -9999 -9999 -9999 -9999 -9999 -9999 -9999 -9999 -9999 -9999 -9999 -9999 -9999 -9999 -9999 -9999 -9999 -9999 -9999 -9999 -9999 -9999 -9999 -9999 -9999 -9999 -9999 -9999 -9999 -9999 -9999 -9999 -9999 -9999 -9999 -9999 -9999 -9999 -9999 -9999 -9999 -9999 -9999 892 764 571 571 724 496 490 621 621 1021 925 722 881 881 940 913 928 928 867 703 551 536 536 588 726 501 416 416 416 713 685 416 416 415 382 424 424 424 356 430 353 353 430 359 359 405 405 405 405 405 405 405 472 495 600 -9999 -9999 -9999 -9999 -9999 -9999 -9999 -9999 -9999 -9999 -9999 
-9999 -9999 -9999 -9999 -9999 -9999 -9999 -9999 -9999 -9999 -9999 -9999 -9999 -9999 -9999 -9999 -9999 -9999 -9999 -9999 -9999 -9999 -9999 -9999 -9999 -9999 -9999 -9999 -9999 -9999 -9999 -9999 -9999 -9999 -9999 -9999 -9999 -9999 -9999 -9999 -9999 -9999 -9999 -9999 -9999 -9999 -9999 -9999 -9999 -9999 -9999 -9999 -9999 867 683 629 547 481 481 551 459 480 621 691 630 867 1001 1001 1049 1166 1049 816 867 606 666 622 784 784 740 540 467 467 416 500 540 433 433 422 393 382 420 420 356 430 413 353 353 367 359 413 413 405 464 405 473 473 536 472 603 -9999 -9999 -9999 -9999 -9999 -9999 -9999 -9999 -9999 -9999 -9999 
-9999 -9999 -9999 -9999 -9999 -9999 -9999 -9999 -9999 -9999 -9999 -9999 -9999 -9999 -9999 -9999 -9999 -9999 -9999 -9999 -9999 -9999 -9999 -9999 -9999 -9999 -9999 -9999 -9999 -9999 -9999 -9999 -9999 -9999 -9999 -9999 -9999 -9999 582 -9999 -9999 -9999 -9999 -9999 -9999 -9999 -9999 -9999 -9999 -9999 -9999 -9999 -9999 1027 772 670 572 459 459 459 459 480 543 543 765 807 1126 1326 1326 1076 1496 816 816 672 628 682 685 685 790 564 518 368 368 605 455 469 370 370 376 360 349 420 338 415 353 354 354 376 452 391 405 405 464 426 426 498 498 503 553 -9999 -9999 -9999 -9999 -9999 -9999 -9999 -9999 -9999 -9999 -9999 
-9999 -9999 -9999 -9999 -9999 -9999 -9999 -9999 -9999 -9999 -9999 -9999 -9999 -9999 -9999 -9999 -9999 -9999 -9999 -9999 -9999 -9999 -9999 -9999 -9999 -9999 -9999 -9999 -9999 -9999 -9999 -9999 -9999 -9999 -9999 -9999 -9999 665 582 -9999 -9999 -9999 -9999 493 493 477 553 614 869 816 1069 1121 964 830 830 702 864 517 459 459 553 504 765 765 895 765 1184 1603 1603 1467 1496 937 639 639 760 646 686 1003 1003 759 518 438 438 368 368 364 366 366 357 385 349 338 338 353 353 371 417 417 371 355 405 405 410 419 470 492 492 560 -9999 -9999 -9999 -9999 -9999 -9999 -9999 -9999 -9999 -9999 -9999 -9999 
-9999 -9999 -9999 -9999 -9999 -9999 -9999 -9999 -9999 -9999 -9999 -9999 -9999 -9999 -9999 -9999 -9999 -9999 -9999 -9999 -9999 -9999 -9999 -9999 -9999 -9999 -9999 -9999 -9999 -9999 -9999 -9999 -9999 -9999 510 510 555 665 556 557 557 632 630 557 420 420 437 620 869 712 712 717 1146 842 842 849 696 542 459 459 459 572 867 1084 1084 786 1115 1468 1275 1467 1588 1135 727 727 509 508 691 1048 1048 759 512 423 373 373 401 355 353 338 338 385 348 338 457 457 357 377 372 372 349 355 379 445 445 436 488 -9999 -9999 -9999 -9999 -9999 -9999 -9999 -9999 -9999 -9999 -9999 -9999 -9999 -9999 -9999 
-9999 -9999 -9999 -9999 -9999 -9999 -9999 -9999 -9999 -9999 -9999 -9999 -9999 -9999 -9999 -9999 -9999 -9999 -9999 -9999 -9999 -9999 -9999 -9999 -9999 -9999 -9999 -9999 -9999 -9999 -9999 -9999 -9999 -9999 580 510 555 473 536 611 598 598 484 518 472 472 416 620 727 640 640 991 917 845 1055 1055 712 542 459 488 488 587 903 1182 1182 891 1300 1468 1275 1275 1128 955 739 616 616 679 508 860 748 748 503 645 373 439 439 365 338 338 338 340 338 338 338 338 338 338 338 349 349 376 463 542 453 453 470 -9999 -9999 -9999 -9999 -9999 -9999 -9999 -9999 -9999 -9999 -9999 -9999 -9999 -9999 -9999 
-9999 -9999 -9999 -9999 -9999 -9999 -9999 -9999 -9999 -9999 -9999 -9999 -9999 -9999 -9999 -9999 -9999 -9999 -9999 -9999 -9999 727 727 556 790 570 700 -9999 -9999 -9999 -9999 -9999 -9999 680 500 510 510 473 526 573 523 523 438 489 491 416 416 474 563 801 843 843 866 898 926 926 712 573 459 471 471 633 1191 1234 1444 1444 1300 1498 1173 1080 1080 856 771 634 542 542 506 860 604 604 565 373 373 398 398 418 339 338 338 338 338 351 338 341 341 388 384 349 349 393 466 554 531 531 571 -9999 -9999 -9999 -9999 -9999 -9999 -9999 -9999 -9999 -9999 -9999 -9999 -9999 -9999 -9999 
-9999 -9999 -9999 -9999 -9999 -9999 -9999 -9999 -9999 -9999 -9999 -9999 -9999 -9999 -9999 -9999 -9999 -9999 -9999 -9999 -9999 484 484 556 528 528 664 664 668 719 691 740 740 581 500 562 447 447 462 501 467 427 427 423 491 416 416 537 714 675 781 781 953 961 633 826 826 564 459 520 695 695 1274 1225 1294 1399 1399 1277 861 956 956 1024 847 674 506 506 506 572 462 423 423 392 407 471 358 358 339 338 338 338 349 338 338 412 412 354 384 448 431 431 424 513 575 676 -9999 -9999 -9999 -9999 -9999 -9999 -9999 -9999 -9999 -9999 -9999 -9999 -9999 -9999 -9999 -9999 
-9999 -9999 -9999 -9999 -9999 -9999 -9999 -9999 -9999 -9999 -9999 -9999 -9999 -9999 -9999 -9999 -9999 -9999 -9999 -9999 -9999 532 484 484 583 601 585 526 526 767 749 691 628 581 473 447 468 468 449 496 492 396 396 423 423 416 591 591 591 588 634 732 732 844 633 629 629 517 459 583 549 549 962 882 1294 1397 1397 1128 799 737 728 728 672 659 506 561 561 506 382 380 380 370 344 374 338 358 378 390 349 364 364 338 338 338 392 354 434 454 443 443 470 568 -9999 -9999 -9999 -9999 -9999 -9999 -9999 -9999 -9999 -9999 -9999 -9999 -9999 -9999 -9999 -9999 -9999 -9999 
-9999 -9999 -9999 -9999 -9999 -9999 -9999 -9999 -9999 -9999 -9999 -9999 -9999 -9999 -9999 -9999 -9999 739 659 659 541 532 488 484 484 504 484 640 640 722 632 691 628 628 459 506 447 468 468 421 481 444 396 396 411 488 634 634 536 567 580 633 732 844 556 688 617 617 461 459 644 522 522 882 1206 1047 1015 1015 916 619 527 527 600 659 861 768 768 539 370 374 352 352 340 338 338 338 338 338 450 338 338 345 401 408 392 392 382 382 389 466 466 573 -9999 -9999 -9999 -9999 -9999 -9999 -9999 -9999 -9999 -9999 -9999 -9999 -9999 -9999 -9999 -9999 -9999 -9999 
-9999 -9999 -9999 -9999 -9999 -9999 -9999 -9999 -9999 -9999 -9999 -9999 -9999 -9999 -9999 -9999 -9999 652 503 503 541 491 527 484 484 484 571 544 817 817 632 463 492 461 461 401 424 480 480 421 421 444 396 396 507 630 797 522 522 601 543 633 755 755 610 521 521 676 676 476 459 471 522 1000 951 788 885 885 816 819 581 505 600 492 796 602 455 455 430 356 338 338 340 338 362 361 361 338 338 377 366 366 486 408 394 424 424 417 476 509 509 551 -9999 -9999 -9999 -9999 -9999 -9999 -9999 -9999 -9999 -9999 -9999 -9999 -9999 -9999 -9999 -9999 -9999 -9999 
-9999 -9999 -9999 -9999 -9999 -9999 -9999 -9999 -9999 -9999 -9999 -9999 -9999 -9999 -9999 -9999 -9999 567 503 503 503 484 484 498 549 549 390 397 556 817 795 604 419 436 436 371 463 597 561 561 421 396 482 537 537 616 610 499 499 499 543 601 623 623 635 577 609 507 507 414 414 471 827 827 532 622 772 871 871 665 688 505 505 444 562 491 377 377 385 338 382 338 338 338 338 343 338 338 338 346 407 407 486 473 456 419 419 444 503 598 588 588 -9999 -9999 -9999 -9999 -9999 -9999 -9999 -9999 -9999 -9999 -9999 -9999 -9999 -9999 -9999 -9999 -9999 -9999 
-9999 -9999 -9999 -9999 -9999 -9999 -9999 -9999 -9999 -9999 -9999 -9999 -9999 -9999 -9999 -9999 -9999 567 621 553 553 503 621 499 412 412 379 406 556 685 685 646 506 384 371 371 449 497 438 561 489 396 441 459 459 678 742 499 507 499 617 636 799 701 701 647 608 679 451 451 414 605 471 471 471 566 839 663 663 674 688 523 491 491 371 423 420 375 375 419 382 386 386 387 376 338 338 338 353 438 407 510 510 470 529 510 477 477 564 537 -9999 -9999 -9999 -9999 -9999 -9999 -9999 -9999 -9999 -9999 -9999 -9999 -9999 -9999 -9999 -9999 -9999 -9999 -9999 -9999 
-9999 -9999 -9999 -9999 -9999 -9999 -9999 -9999 -9999 -9999 -9999 -9999 -9999 -9999 -9999 550 582 511 596 698 635 635 628 400 375 379 379 406 477 500 500 509 409 371 396 396 458 497 438 518 518 396 396 430 459 459 517 499 507 584 584 759 1103 913 913 743 862 647 451 451 414 421 416 531 531 662 852 617 536 674 558 501 369 369 466 416 344 344 344 419 361 456 412 412 364 338 345 383 383 438 385 437 437 446 432 460 482 482 496 536 -9999 -9999 -9999 -9999 -9999 -9999 -9999 -9999 -9999 -9999 -9999 -9999 -9999 -9999 -9999 -9999 -9999 -9999 -9999 -9999 
-9999 -9999 -9999 -9999 -9999 -9999 -9999 -9999 -9999 -9999 -9999 -9999 -9999 -9999 533 550 489 489 672 815 723 723 478 408 391 375 379 379 388 396 446 446 415 375 371 371 458 371 409 453 453 413 408 371 371 371 390 499 487 734 734 895 1003 743 743 743 769 647 452 414 414 414 451 640 640 695 586 534 536 536 591 419 393 349 349 383 381 344 357 357 375 338 455 455 395 338 365 399 383 385 488 410 410 410 410 410 434 419 496 536 -9999 -9999 -9999 -9999 -9999 -9999 -9999 -9999 -9999 -9999 -9999 -9999 -9999 -9999 -9999 -9999 -9999 -9999 -9999 -9999 
-9999 -9999 -9999 -9999 -9999 -9999 -9999 -9999 -9999 -9999 -9999 -9999 -9999 -9999 533 486 479 479 492 592 574 546 546 438 391 375 375 375 375 371 418 418 408 428 411 371 371 371 389 371 371 371 456 371 519 371 390 414 502 587 732 732 897 795 746 746 769 589 437 414 414 510 461 672 681 681 539 534 504 487 487 470 424 370 370 343 375 344 351 351 338 385 344 338 338 338 338 399 408 408 455 410 410 467 467 419 410 419 419 496 654 -9999 -9999 -9999 -9999 -9999 -9999 -9999 -9999 -9999 -9999 -9999 -9999 -9999 -9999 -9999 -9999 -9999 -9999 -9999 
-9999 -9999 -9999 -9999 -9999 -9999 -9999 -9999 -9999 -9999 -9999 -9999 -9999 646 680 587 505 469 469 487 661 574 574 438 375 375 382 382 399 371 371 380 380 375 411 425 388 388 371 371 371 371 440 518 533 371 371 429 488 624 854 854 673 554 736 411 411 560 504 414 414 414 547 583 670 681 539 578 410 473 473 386 343 341 341 341 375 365 338 338 338 338 338 338 360 360 338 338 412 412 411 410 410 410 410 414 410 425 492 492 -9999 -9999 -9999 -9999 -9999 -9999 -9999 -9999 -9999 -9999 -9999 -9999 -9999 -9999 -9999 -9999 -9999 -9999 -9999 -9999 
-9999 -9999 -9999 -9999 -9999 -9999 -9999 -9999 -9999 -9999 -9999 -9999 573 573 549 490 489 469 469 551 752 566 429 429 460 404 430 443 443 371 371 371 371 375 393 375 520 520 371 371 377 426 426 518 533 371 373 373 525 765 910 629 629 546 736 453 453 411 444 478 414 414 446 593 670 525 525 493 503 373 393 393 401 341 389 341 399 338 341 338 338 338 338 338 373 360 398 363 421 424 424 434 410 444 439 414 496 546 581 -9999 -9999 -9999 -9999 -9999 -9999 -9999 -9999 -9999 -9999 -9999 -9999 -9999 -9999 -9999 -9999 -9999 -9999 -9999 -9999 -9999 
-9999 -9999 -9999 -9999 -9999 -9999 -9999 -9999 -9999 -9999 -9999 -9999 530 498 498 477 487 469 546 546 618 566 526 526 439 436 406 372 372 380 371 371 371 371 371 372 383 417 417 371 371 371 394 394 407 371 448 448 473 639 714 697 697 546 564 439 499 499 411 490 359 454 454 593 531 523 523 415 397 373 412 412 421 338 389 387 387 338 338 338 338 338 364 338 373 338 338 351 394 387 387 417 483 466 439 439 583 533 531 -9999 -9999 -9999 -9999 -9999 -9999 -9999 -9999 -9999 -9999 -9999 -9999 -9999 -9999 -9999 -9999 -9999 -9999 -9999 -9999 -9999 
-9999 -9999 -9999 -9999 -9999 -9999 -9999 -9999 -9999 -9999 -9999 -9999 480 477 477 492 491 469 480 480 618 587 462 473 473 385 371 371 371 371 371 371 371 371 405 371 371 374 374 371 371 371 371 371 394 371 376 371 371 380 541 738 546 546 631 537 439 439 411 429 359 397 454 503 471 557 390 390 408 361 412 385 421 338 338 338 338 338 338 338 350 350 353 338 338 338 338 338 338 369 372 372 450 466 522 517 517 485 524 -9999 -9999 -9999 -9999 -9999 -9999 -9999 -9999 -9999 -9999 -9999 -9999 -9999 -9999 -9999 -9999 -9999 -9999 -9999 -9999 -9999 
-9999 -9999 -9999 -9999 -9999 -9999 -9999 -9999 -9999 -9999 -9999 490 483 484 469 469 472 466 466 589 589 564 443 441 441 405 383 412 389 371 383 371 371 371 371 371 371 371 371 371 371 371 371 371 371 371 371 371 371 371 541 738 549 549 504 456 408 392 392 359 359 397 523 523 459 361 422 422 410 338 338 385 385 338 338 338 338 338 338 374 373 379 353 354 376 378 472 472 392 448 533 533 450 458 512 485 485 588 557 769 -9999 -9999 -9999 -9999 -9999 -9999 -9999 -9999 -9999 -9999 -9999 -9999 -9999 -9999 -9999 -9999 -9999 -9999 -9999 -9999 
-9999 -9999 -9999 -9999 -9999 -9999 -9999 -9999 -9999 -9999 -9999 504 469 469 476 476 468 470 466 538 538 548 494 461 569 569 428 420 389 371 371 371 371 371 371 371 371 371 371 371 371 371 371 371 371 371 493 371 371 371 486 617 484 451 451 403 359 488 488 359 359 359 529 529 406 338 357 338 338 338 338 338 338 338 338 338 376 338 338 382 373 379 379 353 437 376 567 567 518 549 513 450 450 475 450 497 693 693 735 908 -9999 -9999 -9999 -9999 -9999 -9999 -9999 -9999 -9999 -9999 -9999 -9999 -9999 -9999 -9999 -9999 -9999 -9999 -9999 -9999 
-9999 -9999 -9999 -9999 -9999 -9999 -9999 -9999 -9999 598 502 502 475 493 474 466 468 470 466 492 477 477 563 671 571 571 459 420 384 371 371 371 371 371 371 371 371 371 371 371 371 371 371 371 371 371 395 402 371 371 371 521 489 489 489 378 385 359 359 359 359 359 388 338 338 338 338 338 390 338 338 338 338 338 340 338 370 338 338 382 373 394 408 408 410 479 438 509 509 548 513 450 450 450 500 679 763 763 919 1203 -9999 -9999 -9999 -9999 -9999 -9999 -9999 -9999 -9999 -9999 -9999 -9999 -9999 -9999 -9999 -9999 -9999 -9999 -9999 -9999 
-9999 -9999 -9999 -9999 -9999 -9999 726 -9999 -9999 727 639 639 492 524 502 466 466 475 466 471 510 510 524 738 474 412 459 412 380 371 371 371 371 371 371 371 371 371 371 371 371 371 371 371 376 376 374 402 371 371 371 426 513 489 393 393 359 381 359 359 403 455 338 338 338 338 338 344 390 390 338 341 476 463 463 425 412 362 383 383 376 399 373 373 405 436 485 438 509 548 518 502 509 509 491 604 761 889 889 1203 -9999 -9999 -9999 -9999 -9999 -9999 -9999 -9999 -9999 -9999 -9999 -9999 -9999 -9999 -9999 -9999 -9999 -9999 -9999 -9999 
-9999 -9999 -9999 -9999 -9999 829 698 698 731 674 588 523 523 479 502 474 466 466 482 466 501 466 466 486 544 412 412 490 389 371 371 371 371 371 371 371 371 371 371 371 371 371 371 371 371 480 374 613 502 371 371 371 426 427 359 359 359 381 475 669 669 508 367 338 338 338 338 344 401 346 346 338 485 439 439 432 395 362 364 364 364 364 394 466 466 428 476 438 438 438 468 482 528 547 547 566 687 808 889 -9999 -9999 -9999 -9999 -9999 -9999 -9999 -9999 -9999 -9999 -9999 -9999 -9999 -9999 -9999 -9999 -9999 -9999 -9999 -9999 -9999 
-9999 -9999 -9999 -9999 716 685 686 768 768 623 617 488 488 479 466 466 466 466 466 466 469 466 466 489 544 509 488 488 387 371 371 377 377 371 371 371 371 371 371 371 371 371 371 371 371 480 480 481 656 406 371 371 393 371 452 462 462 617 489 532 532 601 338 338 338 338 338 348 449 416 416 444 526 430 361 361 395 365 361 383 383 380 373 415 415 415 476 453 565 565 491 579 573 607 607 669 687 808 958 -9999 -9999 -9999 -9999 -9999 -9999 -9999 -9999 -9999 -9999 -9999 -9999 -9999 -9999 -9999 -9999 -9999 -9999 -9999 -9999 -9999 
-9999 -9999 -9999 836 656 556 745 843 843 828 602 539 500 500 466 499 466 487 487 474 466 469 489 489 523 484 548 548 453 389 401 399 399 371 371 371 371 371 371 371 371 371 371 371 371 443 509 509 494 371 485 485 371 459 452 534 534 472 654 678 578 578 534 338 338 404 404 472 476 362 363 363 411 375 348 361 361 361 386 361 361 368 368 372 463 415 415 551 540 534 534 598 573 630 757 669 785 975 936 -9999 -9999 -9999 -9999 -9999 -9999 -9999 -9999 -9999 -9999 -9999 -9999 -9999 -9999 -9999 -9999 -9999 -9999 -9999 -9999 -9999 
-9999 -9999 -9999 773 773 576 525 574 692 692 791 539 637 502 502 496 471 590 590 469 466 469 466 466 466 466 505 467 467 469 502 479 380 380 371 381 387 371 371 371 371 371 371 371 371 378 579 579 448 371 371 429 429 459 452 651 825 825 710 551 600 407 407 338 338 338 338 387 440 338 338 338 391 357 348 378 378 393 452 369 427 427 408 455 463 497 497 483 500 531 531 719 661 703 757 757 938 1151 1057 -9999 -9999 -9999 -9999 -9999 -9999 -9999 -9999 -9999 -9999 -9999 -9999 -9999 -9999 -9999 -9999 -9999 -9999 -9999 -9999 -9999 
-9999 -9999 -9999 918 918 676 525 525 525 692 791 552 638 609 609 636 538 494 478 478 466 466 477 466 466 475 470 498 498 470 515 479 439 439 618 447 411 424 424 371 371 371 371 371 371 437 399 371 371 371 452 619 429 462 505 683 815 815 609 768 551 527 407 338 338 338 354 354 338 338 343 338 338 357 349 348 348 362 446 428 433 433 425 455 481 546 546 515 632 575 753 753 796 703 766 1108 1108 -9999 -9999 -9999 -9999 -9999 -9999 -9999 -9999 -9999 -9999 -9999 -9999 -9999 -9999 -9999 -9999 -9999 -9999 -9999 -9999 -9999 -9999 -9999 
-9999 -9999 -9999 973 658 658 754 525 525 745 745 730 783 667 590 590 519 534 478 478 476 466 466 466 466 467 510 490 460 460 515 618 698 646 646 494 508 371 371 371 371 371 409 409 437 462 420 434 434 515 508 619 874 874 836 808 885 928 928 864 644 527 383 383 338 370 338 338 423 361 352 338 338 338 338 369 407 407 536 506 459 430 425 463 509 612 777 777 664 622 894 894 796 1051 1253 1169 -9999 -9999 -9999 -9999 -9999 -9999 -9999 -9999 -9999 -9999 -9999 -9999 -9999 -9999 -9999 -9999 -9999 -9999 -9999 -9999 -9999 -9999 -9999 -9999 
-9999 -9999 -9999 -9999 860 860 623 525 534 537 537 551 620 568 680 680 548 617 478 491 491 466 466 466 490 490 494 475 460 460 520 693 792 594 594 507 498 371 371 371 371 371 371 472 472 420 507 565 678 678 508 782 680 680 776 893 933 795 795 542 644 556 403 403 347 338 415 457 457 578 352 338 342 342 397 474 471 503 503 481 527 430 430 565 665 702 781 781 1075 790 944 908 908 1143 -9999 -9999 -9999 -9999 -9999 -9999 -9999 -9999 -9999 -9999 -9999 -9999 -9999 -9999 -9999 -9999 -9999 -9999 -9999 -9999 -9999 -9999 -9999 -9999 -9999 -9999 
-9999 -9999 -9999 -9999 -9999 803 623 614 520 505 505 505 505 560 654 678 678 617 596 514 514 544 527 466 466 466 466 475 460 462 462 477 508 624 573 573 573 431 371 371 371 371 440 566 566 497 581 703 678 678 902 783 875 840 840 961 690 542 460 542 459 451 358 338 338 338 338 452 452 578 523 380 380 380 396 431 431 475 475 475 527 490 523 523 607 -9999 -9999 -9999 894 793 944 1035 1035 -9999 -9999 -9999 -9999 -9999 -9999 -9999 -9999 -9999 -9999 -9999 -9999 -9999 -9999 -9999 -9999 -9999 -9999 -9999 -9999 -9999 -9999 -9999 -9999 -9999 -9999 -9999 
-9999 -9999 -9999 -9999 -9999 803 803 566 660 547 524 524 505 595 744 678 678 593 605 564 641 641 627 482 485 437 466 455 495 557 557 524 402 589 574 574 436 431 419 371 371 371 381 554 702 702 831 703 794 925 925 926 899 1068 1033 1033 939 785 460 460 391 404 338 338 338 338 338 361 446 446 408 427 375 375 375 442 431 480 475 475 604 -9999 -9999 -9999 -9999 -9999 -9999 -9999 -9999 -9999 -9999 -9999 -9999 -9999 -9999 -9999 -9999 -9999 -9999 -9999 -9999 -9999 -9999 -9999 -9999 -9999 -9999 -9999 -9999 -9999 -9999 -9999 -9999 -9999 -9999 -9999 -9999 -9999 -9999 -9999 
-9999 -9999 -9999 -9999 -9999 -9999 855 855 703 538 504 504 504 504 744 720 455 455 484 497 493 493 482 461 553 437 437 484 474 499 596 596 402 530 385 382 436 423 371 371 372 372 471 625 948 948 831 876 1007 1229 1229 1273 1210 1242 1479 1479 1062 785 659 400 400 338 338 338 339 339 409 361 375 375 375 384 375 375 375 477 518 480 496 496 -9999 -9999 -9999 -9999 -9999 -9999 -9999 -9999 -9999 -9999 -9999 -9999 -9999 -9999 -9999 -9999 -9999 -9999 -9999 -9999 -9999 -9999 -9999 -9999 -9999 -9999 -9999 -9999 -9999 -9999 -9999 -9999 -9999 -9999 -9999 -9999 -9999 -9999 -9999 -9999 
-9999 -9999 -9999 -9999 -9999 -9999 747 747 872 855 754 518 518 504 552 691 491 491 451 482 465 400 400 411 553 437 451 451 436 542 467 467 402 452 385 382 382 371 371 371 437 437 596 793 1000 1031 1031 1022 1361 1670 1620 1620 1566 1642 1279 1062 1062 710 558 478 478 338 386 338 338 338 409 372 381 375 375 375 455 454 478 478 518 480 554 584 -9999 -9999 -9999 -9999 -9999 -9999 -9999 -9999 -9999 -9999 -9999 -9999 -9999 -9999 -9999 -9999 -9999 -9999 -9999 -9999 -9999 -9999 -9999 -9999 -9999 -9999 -9999 -9999 -9999 -9999 -9999 -9999 -9999 -9999 -9999 -9999 -9999 -9999 -9999 -9999 
-9999 -9999 -9999 -9999 -9999 -9999 937 1025 1025 729 584 575 504 504 609 593 480 473 473 424 424 394 394 411 394 449 403 403 428 428 633 402 402 452 375 440 371 371 371 404 444 742 742 980 1000 1254 1254 1513 1544 1701 1785 1785 1550 1371 1279 946 946 790 648 530 443 443 493 362 393 338 338 448 746 582 443 443 419 515 564 478 629 654 743 -9999 -9999 -9999 -9999 -9999 -9999 -9999 -9999 -9999 -9999 -9999 -9999 -9999 -9999 -9999 -9999 -9999 -9999 -9999 -9999 -9999 -9999 -9999 -9999 -9999 -9999 -9999 -9999 -9999 -9999 -9999 -9999 -9999 -9999 -9999 -9999 -9999 -9999 -9999 -9999 -9999 
-9999 -9999 -9999 -9999 740 848 887 705 705 592 550 575 462 462 502 515 428 424 424 441 481 457 394 394 419 407 422 388 388 457 419 375 375 375 388 375 371 371 414 404 539 1031 1031 980 1140 1463 1398 1398 1617 1630 1616 1285 1285 1371 1003 795 569 569 536 492 604 604 543 585 393 338 338 473 520 624 673 673 609 639 564 604 -9999 -9999 -9999 -9999 -9999 -9999 -9999 -9999 -9999 -9999 -9999 -9999 -9999 -9999 -9999 -9999 -9999 -9999 -9999 -9999 -9999 -9999 -9999 -9999 -9999 -9999 -9999 -9999 -9999 -9999 -9999 -9999 -9999 -9999 -9999 -9999 -9999 -9999 -9999 -9999 -9999 -9999 -9999 -9999 
-9999 -9999 -9999 658 658 507 540 608 572 572 550 479 462 515 515 494 424 424 424 424 481 457 434 434 388 388 415 388 388 388 375 375 465 465 479 371 371 371 371 393 586 817 1141 1141 1170 1476 1511 1511 1211 1100 1286 1234 1285 1045 795 681 597 597 504 404 338 770 543 585 363 338 374 374 343 427 592 776 776 -9999 -9999 -9999 -9999 -9999 -9999 -9999 -9999 -9999 -9999 -9999 -9999 -9999 -9999 -9999 -9999 -9999 -9999 -9999 -9999 -9999 -9999 -9999 -9999 -9999 -9999 -9999 -9999 -9999 -9999 -9999 -9999 -9999 -9999 -9999 -9999 -9999 -9999 -9999 -9999 -9999 -9999 -9999 -9999 -9999 -9999 -9999 
-9999 -9999 -9999 522 507 507 507 653 572 572 573 470 465 443 443 481 424 451 424 424 449 446 486 413 413 419 388 407 389 389 375 375 459 496 496 412 371 371 371 450 586 817 1151 1151 1436 1327 1454 1185 1185 954 768 1234 915 915 559 584 588 498 498 520 338 770 770 480 338 388 338 338 312 312 380 343 776 896 -9999 -9999 -9999 -9999 -9999 -9999 -9999 -9999 -9999 -9999 -9999 -9999 -9999 -9999 -9999 -9999 -9999 -9999 -9999 -9999 -9999 -9999 -9999 -9999 -9999 -9999 -9999 -9999 -9999 -9999 -9999 -9999 -9999 -9999 -9999 -9999 -9999 -9999 -9999 -9999 -9999 -9999 -9999 -9999 -9999 -9999 
656 589 515 515 612 612 507 653 475 470 470 496 517 624 443 443 424 449 424 424 424 447 516 537 537 500 394 388 421 389 378 379 436 763 763 666 470 385 562 450 733 954 1110 1221 1221 1465 1141 1150 819 819 768 1018 888 888 513 482 478 552 552 676 338 374 674 674 338 338 369 448 448 496 312 343 587 587 631 543 -9999 -9999 -9999 -9999 -9999 -9999 -9999 -9999 -9999 -9999 -9999 -9999 -9999 -9999 -9999 -9999 -9999 -9999 -9999 -9999 -9999 -9999 -9999 -9999 -9999 -9999 -9999 -9999 -9999 -9999 -9999 -9999 -9999 -9999 -9999 -9999 -9999 -9999 -9999 -9999 -9999 -9999 -9999 -9999 
649 649 585 630 653 642 507 475 481 564 564 542 496 523 465 465 434 449 492 448 448 511 518 687 466 466 502 441 421 413 413 438 600 614 388 388 385 389 562 562 694 819 999 1155 1155 1140 925 967 894 819 670 852 557 433 433 421 421 380 380 676 338 338 338 338 338 364 424 621 621 496 312 304 304 304 413 304 -9999 -9999 -9999 -9999 -9999 -9999 -9999 -9999 -9999 -9999 -9999 -9999 -9999 -9999 -9999 -9999 -9999 -9999 -9999 -9999 -9999 -9999 -9999 -9999 -9999 -9999 -9999 -9999 -9999 -9999 -9999 -9999 -9999 -9999 -9999 -9999 -9999 -9999 -9999 -9999 -9999 -9999 -9999 -9999 
585 585 616 763 836 642 642 523 554 562 703 703 562 556 492 469 434 518 494 466 578 578 505 538 542 542 502 441 446 413 413 453 503 412 385 385 385 389 459 677 677 1026 1218 1039 944 944 756 967 894 684 684 529 421 421 421 421 815 579 380 380 338 338 338 425 425 338 338 465 535 535 336 364 304 304 304 608 -9999 -9999 -9999 -9999 -9999 -9999 -9999 -9999 -9999 -9999 -9999 -9999 -9999 -9999 -9999 -9999 -9999 -9999 -9999 -9999 -9999 -9999 -9999 -9999 -9999 -9999 -9999 -9999 -9999 -9999 -9999 -9999 -9999 -9999 -9999 -9999 -9999 -9999 -9999 -9999 -9999 -9999 -9999 -9999 
-9999 606 606 799 836 805 743 743 596 641 870 870 594 758 625 469 469 535 466 477 505 505 549 742 628 532 532 530 431 413 458 458 549 385 385 385 385 447 508 647 647 857 1034 939 893 893 756 782 723 618 618 421 620 764 871 871 1009 579 633 522 522 393 338 361 338 338 338 465 626 626 572 481 304 304 304 379 -9999 -9999 -9999 -9999 -9999 -9999 -9999 -9999 -9999 -9999 -9999 -9999 -9999 -9999 -9999 -9999 -9999 -9999 -9999 -9999 -9999 -9999 -9999 -9999 -9999 -9999 -9999 -9999 -9999 -9999 -9999 -9999 -9999 -9999 -9999 -9999 -9999 -9999 -9999 -9999 -9999 -9999 -9999 -9999 
-9999 742 742 799 -9999 829 672 672 710 669 725 801 801 758 625 678 703 703 508 495 506 600 600 725 628 514 514 495 413 413 423 423 472 385 385 385 385 465 465 594 683 683 872 926 753 720 720 634 574 574 515 515 446 749 804 804 1009 925 685 441 441 338 408 447 599 599 338 424 444 614 614 576 405 304 477 477 471 626 -9999 -9999 -9999 -9999 -9999 -9999 -9999 -9999 -9999 -9999 -9999 -9999 -9999 -9999 -9999 -9999 -9999 -9999 -9999 -9999 -9999 -9999 -9999 -9999 -9999 -9999 -9999 -9999 -9999 -9999 -9999 -9999 -9999 -9999 -9999 -9999 -9999 -9999 -9999 -9999 -9999 -9999 
-9999 -9999 -9999 -9999 -9999 904 724 827 827 824 964 951 801 797 701 777 587 587 495 575 621 730 730 725 562 543 468 468 413 474 563 419 419 385 385 385 391 391 425 539 749 749 887 731 753 697 697 615 779 780 967 967 845 709 786 1041 1041 895 516 359 338 338 495 453 577 483 483 441 402 459 459 581 462 364 441 477 471 512 846 -9999 -9999 -9999 -9999 -9999 -9999 -9999 -9999 -9999 -9999 -9999 -9999 -9999 -9999 -9999 -9999 -9999 -9999 -9999 -9999 -9999 -9999 -9999 -9999 -9999 -9999 -9999 -9999 -9999 -9999 -9999 -9999 -9999 -9999 -9999 -9999 -9999 -9999 -9999 -9999 -9999 
-9999 -9999 -9999 -9999 -9999 -9999 789 783 -9999 -9999 -9999 951 959 959 881 593 570 538 538 744 783 643 555 555 494 485 449 449 459 686 627 588 419 385 385 385 395 395 538 420 569 732 732 731 708 702 662 662 877 964 1036 975 975 709 786 717 717 709 377 357 338 338 481 511 577 514 514 475 444 400 400 400 400 633 441 486 486 478 633 -9999 -9999 -9999 -9999 -9999 -9999 -9999 -9999 -9999 -9999 -9999 -9999 -9999 -9999 -9999 -9999 -9999 -9999 -9999 -9999 -9999 -9999 -9999 -9999 -9999 -9999 -9999 -9999 -9999 -9999 -9999 -9999 -9999 -9999 -9999 -9999 -9999 -9999 -9999 -9999 -9999 
-9999 -9999 -9999 -9999 -9999 -9999 -9999 -9999 -9999 -9999 1009 948 833 833 858 892 899 604 604 723 683 643 630 630 557 449 449 486 486 749 587 588 439 439 395 385 385 416 416 416 521 688 732 846 786 770 782 782 856 1099 925 905 975 781 587 589 422 422 693 418 498 538 538 511 566 510 479 479 400 486 460 460 445 633 497 441 441 455 577 -9999 -9999 -9999 -9999 -9999 -9999 -9999 -9999 -9999 -9999 -9999 -9999 -9999 -9999 -9999 -9999 -9999 -9999 -9999 -9999 -9999 -9999 -9999 -9999 -9999 -9999 -9999 -9999 -9999 -9999 -9999 -9999 -9999 -9999 -9999 -9999 -9999 -9999 -9999 -9999 -9999 
-9999 -9999 -9999 -9999 -9999 -9999 -9999 788 816 822 815 955 824 585 585 685 644 619 640 723 683 606 528 477 477 501 506 449 449 685 587 597 385 385 385 385 430 487 487 551 549 688 809 809 845 743 787 841 841 971 799 905 803 803 651 484 825 912 912 646 632 594 538 430 460 587 400 400 466 400 400 428 445 614 595 611 463 463 522 -9999 -9999 -9999 -9999 -9999 -9999 -9999 -9999 -9999 -9999 -9999 -9999 -9999 -9999 -9999 -9999 -9999 -9999 -9999 -9999 -9999 -9999 -9999 -9999 -9999 -9999 -9999 -9999 -9999 -9999 -9999 -9999 -9999 -9999 -9999 -9999 -9999 -9999 -9999 -9999 -9999 
-9999 -9999 -9999 -9999 -9999 -9999 -9999 595 816 745 745 636 691 607 607 510 500 530 640 640 561 576 536 474 474 466 501 625 629 685 541 460 425 385 385 431 579 784 673 551 549 581 774 812 812 866 677 740 740 907 799 1024 950 950 777 685 891 1016 1016 898 632 594 433 433 403 400 468 400 400 400 440 428 640 640 787 568 463 463 626 -9999 -9999 -9999 -9999 -9999 -9999 -9999 -9999 -9999 -9999 -9999 -9999 -9999 -9999 -9999 -9999 -9999 -9999 -9999 -9999 -9999 -9999 -9999 -9999 -9999 -9999 -9999 -9999 -9999 -9999 -9999 -9999 -9999 -9999 -9999 -9999 -9999 -9999 -9999 -9999 -9999 
-9999 -9999 -9999 -9999 -9999 -9999 -9999 595 690 551 551 564 564 518 481 481 532 530 526 637 637 480 476 466 466 466 618 853 629 559 559 385 385 385 385 475 595 940 673 673 549 628 846 790 790 730 633 908 883 907 752 837 809 1075 1075 1051 1034 1113 1023 898 1212 588 554 554 400 565 742 442 442 400 440 428 576 576 863 533 588 669 669 -9999 -9999 -9999 -9999 -9999 -9999 -9999 -9999 -9999 -9999 -9999 -9999 -9999 -9999 -9999 -9999 -9999 -9999 -9999 -9999 -9999 -9999 -9999 -9999 -9999 -9999 -9999 -9999 -9999 -9999 -9999 -9999 -9999 -9999 -9999 -9999 -9999 -9999 -9999 -9999 -9999 
-9999 -9999 -9999 -9999 -9999 -9999 743 594 521 570 511 511 482 501 464 464 532 469 512 544 544 474 466 466 539 539 813 853 599 445 445 385 433 521 594 594 560 940 921 815 815 738 731 630 630 630 698 949 883 883 779 689 728 880 880 1123 1038 1107 1023 1023 1146 596 501 501 501 408 634 532 400 400 572 625 679 574 574 555 616 -9999 -9999 -9999 -9999 -9999 -9999 -9999 -9999 -9999 -9999 -9999 -9999 -9999 -9999 -9999 -9999 -9999 -9999 -9999 -9999 -9999 -9999 -9999 -9999 -9999 -9999 -9999 -9999 -9999 -9999 -9999 -9999 -9999 -9999 -9999 -9999 -9999 -9999 -9999 -9999 -9999 -9999 -9999 
-9999 -9999 -9999 -9999 -9999 -9999 715 561 515 516 547 547 511 463 462 494 494 469 484 501 513 513 469 466 549 813 813 592 441 441 441 441 590 632 -9999 774 560 892 669 999 999 748 665 630 668 668 804 949 827 820 820 689 750 707 777 777 626 1107 1058 1249 1249 911 616 540 540 492 604 532 452 452 419 587 705 452 452 452 568 -9999 -9999 -9999 -9999 -9999 -9999 -9999 -9999 -9999 -9999 -9999 -9999 -9999 -9999 -9999 -9999 -9999 -9999 -9999 -9999 -9999 -9999 -9999 -9999 -9999 -9999 -9999 -9999 -9999 -9999 -9999 -9999 -9999 -9999 -9999 -9999 -9999 -9999 -9999 -9999 -9999 -9999 -9999 
-9999 -9999 -9999 -9999 -9999 -9999 611 611 497 497 513 503 503 493 462 450 450 450 461 488 547 547 462 450 549 450 450 441 484 490 547 547 558 696 -9999 -9999 599 669 -9999 717 731 731 643 630 826 804 804 1001 904 626 626 786 624 638 658 658 626 915 1032 791 791 876 502 485 563 563 604 914 419 419 419 527 484 419 516 516 -9999 -9999 -9999 -9999 -9999 -9999 -9999 -9999 -9999 -9999 -9999 -9999 -9999 -9999 -9999 -9999 -9999 -9999 -9999 -9999 -9999 -9999 -9999 -9999 -9999 -9999 -9999 -9999 -9999 -9999 -9999 -9999 -9999 -9999 -9999 -9999 -9999 -9999 -9999 -9999 -9999 -9999 -9999 -9999 
-9999 -9999 -9999 -9999 -9999 -9999 584 584 571 512 492 492 503 493 480 450 458 458 466 450 516 836 836 450 450 450 585 585 614 570 555 607 607 -9999 -9999 -9999 -9999 -9999 -9999 846 630 630 630 630 826 788 788 842 821 594 660 660 627 501 588 564 564 598 588 578 634 634 485 571 793 563 889 801 672 435 435 419 419 452 419 516 -9999 -9999 -9999 -9999 -9999 -9999 -9999 -9999 -9999 -9999 -9999 -9999 -9999 -9999 -9999 -9999 -9999 -9999 -9999 -9999 -9999 -9999 -9999 -9999 -9999 -9999 -9999 -9999 -9999 -9999 -9999 -9999 -9999 -9999 -9999 -9999 -9999 -9999 -9999 -9999 -9999 -9999 -9999 -9999 
-9999 -9999 -9999 -9999 -9999 -9999 585 508 508 536 492 492 492 492 559 450 450 459 459 450 490 475 836 523 450 450 625 625 795 657 637 645 645 -9999 -9999 -9999 -9999 -9999 999 630 630 755 755 630 803 844 685 685 892 622 517 517 514 501 588 539 539 473 473 473 473 473 706 649 793 862 862 499 426 419 419 419 419 419 419 509 509 -9999 -9999 -9999 -9999 -9999 -9999 -9999 -9999 -9999 -9999 -9999 -9999 -9999 -9999 -9999 -9999 -9999 -9999 -9999 -9999 -9999 -9999 -9999 -9999 -9999 -9999 -9999 -9999 -9999 -9999 -9999 -9999 -9999 -9999 -9999 -9999 -9999 -9999 -9999 -9999 -9999 -9999 -9999 
-9999 -9999 -9999 -9999 -9999 -9999 628 582 582 492 492 492 492 492 529 467 518 450 450 450 471 475 450 450 450 493 467 530 530 622 671 -9999 -9999 -9999 -9999 -9999 -9999 -9999 900 691 630 695 755 620 641 604 582 582 769 673 504 473 514 501 575 564 509 509 473 473 473 696 696 649 568 670 624 624 459 419 419 419 419 419 419 428 428 558 -9999 -9999 -9999 -9999 -9999 -9999 -9999 -9999 -9999 -9999 -9999 -9999 -9999 -9999 -9999 -9999 -9999 -9999 -9999 -9999 -9999 -9999 -9999 -9999 -9999 -9999 -9999 -9999 -9999 -9999 -9999 -9999 -9999 -9999 -9999 -9999 -9999 -9999 -9999 -9999 -9999 -9999 
-9999 -9999 -9999 -9999 -9999 688 582 582 636 492 542 542 497 484 484 450 500 450 450 450 471 450 450 450 541 609 617 799 799 823 -9999 -9999 -9999 -9999 -9999 -9999 -9999 -9999 743 817 707 695 907 907 603 542 542 523 523 599 516 473 500 500 600 482 537 537 473 503 473 473 696 539 552 529 461 461 448 419 419 468 419 419 419 419 505 505 -9999 -9999 -9999 -9999 -9999 -9999 -9999 -9999 -9999 -9999 -9999 -9999 -9999 -9999 -9999 -9999 -9999 -9999 -9999 -9999 -9999 -9999 -9999 -9999 -9999 -9999 -9999 -9999 -9999 -9999 -9999 -9999 -9999 -9999 -9999 -9999 -9999 -9999 -9999 -9999 -9999 -9999 
-9999 -9999 -9999 -9999 928 620 775 779 636 636 654 643 619 468 468 452 450 450 450 450 450 450 537 568 568 735 919 851 -9999 -9999 -9999 -9999 -9999 -9999 -9999 -9999 -9999 -9999 787 885 707 912 743 743 764 715 729 506 506 538 516 461 462 462 489 488 475 651 651 490 473 473 419 419 453 419 419 419 419 419 426 468 468 419 419 424 485 485 485 596 -9999 -9999 -9999 -9999 -9999 -9999 -9999 -9999 -9999 -9999 -9999 -9999 -9999 -9999 -9999 -9999 -9999 -9999 -9999 -9999 -9999 -9999 -9999 -9999 -9999 -9999 -9999 -9999 -9999 -9999 -9999 -9999 -9999 -9999 -9999 -9999 -9999 -9999 -9999 -9999 
-9999 -9999 1103 905 905 905 1033 779 822 683 683 561 468 480 463 463 458 450 451 450 450 450 549 613 613 802 -9999 -9999 -9999 -9999 -9999 -9999 -9999 -9999 -9999 -9999 -9999 -9999 930 885 923 945 903 848 848 790 562 568 482 538 461 476 461 481 481 461 494 508 508 490 473 474 419 419 419 427 419 419 419 419 426 419 419 419 449 434 456 540 540 681 -9999 -9999 -9999 -9999 -9999 -9999 -9999 -9999 -9999 -9999 -9999 -9999 -9999 -9999 -9999 -9999 -9999 -9999 -9999 -9999 -9999 -9999 -9999 -9999 -9999 -9999 -9999 -9999 -9999 -9999 -9999 -9999 -9999 -9999 -9999 -9999 -9999 -9999 -9999 -9999 
-9999 -9999 -9999 1215 1306 905 1033 877 655 599 599 586 498 619 583 583 458 461 470 464 464 450 562 587 701 701 -9999 -9999 -9999 -9999 -9999 -9999 -9999 -9999 -9999 -9999 -9999 -9999 -9999 -9999 -9999 943 1028 909 909 671 602 476 482 482 491 469 461 461 461 466 466 479 520 520 488 419 451 470 470 449 419 419 419 419 419 419 419 419 419 565 419 486 486 681 -9999 -9999 -9999 -9999 -9999 -9999 -9999 -9999 -9999 -9999 -9999 -9999 -9999 -9999 -9999 -9999 -9999 -9999 -9999 -9999 -9999 -9999 -9999 -9999 -9999 -9999 -9999 -9999 -9999 -9999 -9999 -9999 -9999 -9999 -9999 -9999 -9999 -9999 -9999 -9999 
-9999 -9999 -9999 -9999 -9999 1088 1088 809 865 808 708 708 735 636 572 473 473 503 502 464 480 480 534 707 831 831 -9999 -9999 -9999 -9999 -9999 -9999 -9999 -9999 -9999 -9999 -9999 -9999 -9999 -9999 -9999 905 845 719 833 833 713 476 527 514 514 461 461 461 461 461 419 479 429 429 419 419 419 419 419 419 419 419 419 419 427 430 419 419 419 419 419 419 624 624 1078 1125 -9999 -9999 -9999 -9999 -9999 -9999 -9999 -9999 -9999 -9999 -9999 -9999 -9999 -9999 -9999 -9999 -9999 -9999 -9999 -9999 -9999 -9999 -9999 -9999 -9999 -9999 -9999 -9999 -9999 -9999 -9999 -9999 -9999 -9999 -9999 -9999 -9999 -9999 
-9999 -9999 -9999 -9999 -9999 -9999 -9999 1020 1089 992 1006 1006 823 764 572 528 528 480 464 464 533 533 548 775 -9999 -9999 -9999 -9999 -9999 -9999 -9999 -9999 -9999 -9999 -9999 -9999 -9999 -9999 -9999 -9999 -9999 -9999 774 607 581 581 713 484 476 476 476 461 681 706 565 565 419 419 419 419 419 419 419 491 419 419 419 424 419 445 445 446 419 471 419 419 419 419 435 435 508 752 864 -9999 -9999 -9999 -9999 -9999 -9999 -9999 -9999 -9999 -9999 -9999 -9999 -9999 -9999 -9999 -9999 -9999 -9999 -9999 -9999 -9999 -9999 -9999 -9999 -9999 -9999 -9999 -9999 -9999 -9999 -9999 -9999 -9999 -9999 -9999 -9999 -9999 
-9999 -9999 -9999 -9999 -9999 -9999 -9999 -9999 1037 817 789 652 652 764 564 602 464 464 498 578 464 695 695 -9999 -9999 -9999 -9999 -9999 -9999 -9999 -9999 -9999 -9999 -9999 -9999 -9999 -9999 -9999 -9999 -9999 -9999 -9999 820 615 581 528 528 476 476 530 520 520 587 601 578 425 425 457 419 450 448 448 419 419 419 419 448 419 433 419 419 427 482 419 419 419 419 432 858 940 940 954 958 1019 948 948 1401 -9999 -9999 -9999 -9999 -9999 -9999 -9999 -9999 -9999 -9999 -9999 -9999 -9999 -9999 -9999 -9999 -9999 -9999 -9999 -9999 -9999 -9999 -9999 -9999 -9999 -9999 -9999 -9999 -9999 -9999 -9999 -9999 -9999 
-9999 -9999 -9999 -9999 -9999 -9999 -9999 -9999 -9999 872 615 652 652 519 517 517 485 485 553 721 464 508 695 -9999 -9999 -9999 -9999 -9999 -9999 -9999 -9999 -9999 -9999 -9999 -9999 -9999 -9999 -9999 -9999 -9999 -9999 -9999 739 615 528 568 568 476 593 625 614 614 598 585 578 499 499 419 458 466 565 565 544 419 419 419 419 467 433 419 419 419 460 424 419 475 475 553 804 549 549 581 666 594 749 948 1019 1145 1324 1389 1389 -9999 -9999 -9999 -9999 -9999 -9999 -9999 -9999 -9999 -9999 -9999 -9999 -9999 -9999 -9999 -9999 -9999 -9999 -9999 -9999 -9999 -9999 -9999 -9999 -9999 -9999 -9999 -9999 -9999 
-9999 -9999 -9999 -9999 -9999 -9999 -9999 -9999 -9999 -9999 615 576 532 532 563 485 518 619 619 509 495 508 842 -9999 -9999 -9999 -9999 -9999 -9999 -9999 -9999 -9999 -9999 -9999 -9999 -9999 -9999 -9999 -9999 -9999 -9999 -9999 739 667 695 705 692 692 605 697 708 725 725 585 534 552 565 565 613 529 447 447 447 419 490 445 445 419 419 419 419 419 485 424 445 419 419 461 548 489 468 468 528 576 749 731 731 917 1022 1065 1271 1271 -9999 -9999 -9999 -9999 -9999 -9999 -9999 -9999 -9999 -9999 -9999 -9999 -9999 -9999 -9999 -9999 -9999 -9999 -9999 -9999 -9999 -9999 -9999 -9999 -9999 -9999 -9999 -9999 
-9999 -9999 -9999 -9999 -9999 -9999 -9999 -9999 -9999 634 593 538 569 569 571 628 625 647 647 495 495 674 758 -9999 -9999 -9999 -9999 -9999 -9999 -9999 -9999 -9999 -9999 -9999 -9999 -9999 -9999 -9999 -9999 -9999 -9999 -9999 640 640 579 579 549 549 562 718 723 725 725 587 608 661 518 518 515 461 447 447 447 419 451 509 419 419 419 462 419 458 485 513 460 465 419 419 419 453 449 474 528 576 562 721 721 665 688 776 875 875 1065 -9999 -9999 -9999 -9999 -9999 -9999 -9999 -9999 -9999 -9999 -9999 -9999 -9999 -9999 -9999 -9999 -9999 -9999 -9999 -9999 -9999 -9999 -9999 -9999 -9999 -9999 -9999 
-9999 -9999 -9999 -9999 -9999 -9999 -9999 -9999 -9999 661 675 697 545 629 629 705 567 543 537 495 510 699 -9999 -9999 -9999 -9999 -9999 -9999 -9999 -9999 -9999 -9999 -9999 -9999 -9999 -9999 -9999 -9999 -9999 -9999 -9999 -9999 656 656 715 845 616 549 549 637 723 549 549 549 635 629 475 468 468 447 447 447 582 582 419 488 423 423 423 506 462 458 458 531 520 449 430 430 419 431 476 474 474 514 508 546 585 585 529 608 665 1065 1065 -9999 -9999 -9999 -9999 -9999 -9999 -9999 -9999 -9999 -9999 -9999 -9999 -9999 -9999 -9999 -9999 -9999 -9999 -9999 -9999 -9999 -9999 -9999 -9999 -9999 -9999 -9999 
-9999 -9999 -9999 -9999 -9999 -9999 -9999 -9999 -9999 715 715 640 694 750 750 826 583 543 537 537 552 647 -9999 -9999 -9999 -9999 -9999 -9999 -9999 -9999 -9999 -9999 -9999 -9999 -9999 -9999 -9999 -9999 -9999 -9999 -9999 -9999 728 690 690 772 639 658 549 637 663 657 549 549 549 475 556 447 447 447 447 490 475 475 551 523 423 475 475 546 462 449 542 542 527 515 419 419 419 419 476 532 469 469 469 495 495 495 530 641 665 754 754 1018 -9999 -9999 -9999 -9999 -9999 -9999 -9999 -9999 -9999 -9999 -9999 -9999 -9999 -9999 -9999 -9999 -9999 -9999 -9999 -9999 -9999 -9999 -9999 -9999 -9999 -9999 
-9999 -9999 -9999 -9999 -9999 -9999 -9999 -9999 -9999 -9999 711 751 778 785 984 984 583 537 537 573 573 -9999 -9999 -9999 -9999 -9999 -9999 -9999 -9999 -9999 -9999 -9999 -9999 -9999 -9999 -9999 -9999 -9999 -9999 -9999 -9999 -9999 -9999 772 772 706 721 738 549 549 549 549 549 599 599 640 493 513 447 447 490 506 475 592 592 453 423 423 428 546 428 428 484 484 500 484 450 466 466 419 424 469 481 481 578 531 572 622 622 641 682 740 786 786 -9999 -9999 -9999 -9999 -9999 -9999 -9999 -9999 -9999 -9999 -9999 -9999 -9999 -9999 -9999 -9999 -9999 -9999 -9999 -9999 -9999 -9999 -9999 -9999 -9999 -9999 
-9999 -9999 -9999 -9999 -9999 -9999 -9999 -9999 -9999 -9999 -9999 -9999 -9999 -9999 770 984 597 671 589 574 574 -9999 -9999 -9999 -9999 -9999 -9999 -9999 -9999 -9999 -9999 -9999 -9999 -9999 -9999 -9999 -9999 -9999 -9999 -9999 -9999 -9999 -9999 -9999 -9999 -9999 -9999 738 585 549 549 549 591 777 777 603 502 513 667 667 605 551 475 611 611 437 423 423 428 428 535 428 439 447 447 475 510 461 419 419 453 491 455 479 479 628 586 549 639 639 576 672 635 635 -9999 -9999 -9999 -9999 -9999 -9999 -9999 -9999 -9999 -9999 -9999 -9999 -9999 -9999 -9999 -9999 -9999 -9999 -9999 -9999 -9999 -9999 -9999 -9999 -9999 -9999 
-9999 -9999 -9999 -9999 -9999 -9999 -9999 -9999 -9999 -9999 -9999 -9999 -9999 -9999 770 634 634 -9999 639 -9999 -9999 -9999 -9999 -9999 -9999 -9999 -9999 -9999 -9999 -9999 -9999 -9999 -9999 -9999 -9999 -9999 -9999 -9999 -9999 -9999 -9999 -9999 -9999 -9999 -9999 -9999 -9999 -9999 -9999 639 639 776 -9999 -9999 -9999 -9999 -9999 -9999 -9999 775 775 632 475 619 433 433 423 423 458 436 436 448 429 455 455 481 462 461 430 430 419 433 611 558 558 681 535 549 565 565 559 597 616 744 -9999 -9999 -9999 -9999 -9999 -9999 -9999 -9999 -9999 -9999 -9999 -9999 -9999 -9999 -9999 -9999 -9999 -9999 -9999 -9999 -9999 -9999 -9999 -9999 -9999 -9999 
-9999 -9999 -9999 -9999 -9999 -9999 -9999 -9999 -9999 -9999 -9999 -9999 -9999 -9999 -9999 -9999 -9999 -9999 -9999 -9999 -9999 -9999 -9999 -9999 -9999 -9999 -9999 -9999 -9999 -9999 -9999 -9999 -9999 -9999 -9999 -9999 -9999 -9999 -9999 -9999 -9999 -9999 -9999 -9999 -9999 -9999 -9999 -9999 -9999 -9999 -9999 -9999 -9999 -9999 -9999 -9999 -9999 -9999 -9999 -9999 699 566 488 591 489 433 423 423 423 505 505 540 473 433 449 449 462 473 419 419 419 479 449 527 481 481 535 481 481 518 518 538 592 814 814 -9999 -9999 -9999 -9999 -9999 -9999 -9999 -9999 -9999 -9999 -9999 -9999 -9999 -9999 -9999 -9999 -9999 -9999 -9999 -9999 -9999 -9999 -9999 -9999 -9999 
-9999 -9999 -9999 -9999 -9999 -9999 -9999 -9999 -9999 -9999 -9999 -9999 -9999 -9999 -9999 -9999 -9999 -9999 -9999 -9999 -9999 -9999 -9999 -9999 -9999 -9999 -9999 -9999 -9999 -9999 -9999 -9999 -9999 -9999 -9999 -9999 -9999 -9999 -9999 -9999 -9999 -9999 -9999 -9999 -9999 -9999 -9999 -9999 -9999 -9999 -9999 -9999 -9999 -9999 -9999 -9999 -9999 -9999 -9999 -9999 621 621 625 678 489 458 458 423 423 516 611 611 504 466 449 474 474 500 568 507 507 445 474 481 481 481 481 589 508 545 545 570 538 663 743 -9999 -9999 -9999 -9999 -9999 -9999 -9999 -9999 -9999 -9999 -9999 -9999 -9999 -9999 -9999 -9999 -9999 -9999 -9999 -9999 -9999 -9999 -9999 -9999 -9999 
-9999 -9999 -9999 -9999 -9999 -9999 -9999 -9999 -9999 -9999 -9999 -9999 -9999 -9999 -9999 -9999 -9999 -9999 -9999 -9999 -9999 -9999 -9999 -9999 -9999 -9999 -9999 -9999 -9999 -9999 -9999 -9999 -9999 -9999 -9999 -9999 -9999 -9999 -9999 -9999 -9999 -9999 -9999 -9999 -9999 -9999 -9999 -9999 -9999 -9999 -9999 -9999 -9999 -9999 -9999 -9999 -9999 -9999 -9999 -9999 713 713 699 678 545 489 489 463 423 442 473 473 552 466 449 516 516 504 551 576 489 489 642 575 481 544 544 611 611 727 733 733 617 721 743 747 747 -9999 -9999 -9999 -9999 -9999 -9999 -9999 -9999 -9999 -9999 -9999 -9999 -9999 -9999 -9999 -9999 -9999 -9999 -9999 -9999 -9999 -9999 -9999 
-9999 -9999 -9999 -9999 -9999 -9999 -9999 -9999 -9999 -9999 -9999 -9999 -9999 -9999 -9999 -9999 -9999 -9999 -9999 -9999 -9999 -9999 -9999 -9999 -9999 -9999 -9999 -9999 -9999 -9999 -9999 -9999 -9999 -9999 -9999 -9999 -9999 -9999 -9999 -9999 -9999 -9999 -9999 -9999 -9999 -9999 -9999 -9999 -9999 -9999 -9999 -9999 -9999 -9999 -9999 -9999 -9999 -9999 -9999 -9999 634 504 699 583 513 448 431 431 423 423 442 461 552 454 449 449 519 519 628 743 597 597 528 575 578 558 558 632 730 -9999 -9999 -9999 -9999 721 -9999 -9999 -9999 -9999 -9999 -9999 -9999 -9999 -9999 -9999 -9999 -9999 -9999 -9999 -9999 -9999 -9999 -9999 -9999 -9999 -9999 -9999 -9999 -9999 -9999 -9999 
-9999 -9999 -9999 -9999 -9999 -9999 -9999 -9999 -9999 -9999 -9999 -9999 -9999 -9999 -9999 -9999 -9999 -9999 -9999 -9999 -9999 -9999 -9999 -9999 -9999 -9999 -9999 -9999 -9999 -9999 -9999 -9999 -9999 -9999 -9999 -9999 -9999 -9999 -9999 -9999 -9999 -9999 -9999 -9999 -9999 -9999 -9999 -9999 -9999 -9999 -9999 -9999 -9999 -9999 -9999 -9999 -9999 -9999 -9999 -9999 537 504 504 567 448 463 423 423 448 442 502 461 461 449 549 488 628 628 834 919 774 528 528 593 608 600 640 640 -9999 -9999 -9999 -9999 -9999 -9999 -9999 -9999 -9999 -9999 -9999 -9999 -9999 -9999 -9999 -9999 -9999 -9999 -9999 -9999 -9999 -9999 -9999 -9999 -9999 -9999 -9999 -9999 -9999 -9999 -9999 -9999 
-9999 -9999 -9999 -9999 -9999 -9999 -9999 -9999 -9999 -9999 -9999 -9999 -9999 -9999 -9999 -9999 -9999 -9999 -9999 -9999 -9999 -9999 -9999 -9999 -9999 -9999 -9999 -9999 -9999 -9999 -9999 -9999 -9999 -9999 -9999 -9999 -9999 -9999 -9999 -9999 -9999 -9999 -9999 -9999 -9999 -9999 -9999 -9999 -9999 -9999 -9999 -9999 -9999 -9999 -9999 -9999 -9999 -9999 -9999 -9999 537 465 451 451 448 602 548 433 433 433 502 472 467 467 542 613 666 842 842 850 774 702 777 777 707 600 756 -9999 -9999 -9999 -9999 -9999 -9999 -9999 -9999 -9999 -9999 -9999 -9999 -9999 -9999 -9999 -9999 -9999 -9999 -9999 -9999 -9999 -9999 -9999 -9999 -9999 -9999 -9999 -9999 -9999 -9999 -9999 -9999 -9999 
-9999 -9999 -9999 -9999 -9999 -9999 -9999 -9999 -9999 -9999 -9999 -9999 -9999 -9999 -9999 -9999 -9999 -9999 -9999 -9999 -9999 -9999 -9999 -9999 -9999 -9999 -9999 -9999 -9999 -9999 -9999 -9999 -9999 -9999 -9999 -9999 -9999 -9999 -9999 -9999 -9999 -9999 -9999 -9999 -9999 -9999 -9999 -9999 -9999 -9999 -9999 -9999 -9999 -9999 -9999 -9999 -9999 -9999 -9999 -9999 510 451 545 514 514 550 462 433 433 433 472 557 536 536 638 655 688 800 800 850 871 784 726 726 782 828 -9999 -9999 -9999 -9999 -9999 -9999 -9999 -9999 -9999 -9999 -9999 -9999 -9999 -9999 -9999 -9999 -9999 -9999 -9999 -9999 -9999 -9999 -9999 -9999 -9999 -9999 -9999 -9999 -9999 -9999 -9999 -9999 -9999 -9999 
-9999 -9999 -9999 -9999 -9999 -9999 -9999 -9999 -9999 -9999 -9999 -9999 -9999 -9999 -9999 -9999 -9999 -9999 -9999 -9999 -9999 -9999 -9999 -9999 -9999 -9999 -9999 -9999 -9999 -9999 -9999 -9999 -9999 -9999 -9999 -9999 -9999 -9999 -9999 -9999 -9999 -9999 -9999 -9999 -9999 -9999 -9999 -9999 -9999 -9999 -9999 -9999 -9999 -9999 -9999 -9999 -9999 -9999 -9999 476 454 509 650 678 678 540 433 551 466 466 525 610 700 538 538 548 632 591 850 850 809 694 -9999 -9999 833 -9999 -9999 -9999 -9999 -9999 -9999 -9999 -9999 -9999 -9999 -9999 -9999 -9999 -9999 -9999 -9999 -9999 -9999 -9999 -9999 -9999 -9999 -9999 -9999 -9999 -9999 -9999 -9999 -9999 -9999 -9999 -9999 -9999 -9999 -9999 
-9999 -9999 -9999 -9999 -9999 -9999 -9999 -9999 -9999 -9999 -9999 -9999 -9999 -9999 -9999 -9999 -9999 -9999 -9999 -9999 -9999 -9999 -9999 -9999 -9999 -9999 -9999 -9999 -9999 -9999 -9999 -9999 -9999 -9999 -9999 -9999 -9999 -9999 -9999 -9999 -9999 -9999 -9999 -9999 -9999 -9999 -9999 -9999 -9999 -9999 -9999 -9999 -9999 -9999 -9999 -9999 -9999 -9999 -9999 562 562 525 656 675 519 519 465 551 508 508 510 710 623 577 577 579 563 591 694 694 696 658 -9999 -9999 -9999 -9999 -9999 -9999 -9999 -9999 -9999 -9999 -9999 -9999 -9999 -9999 -9999 -9999 -9999 -9999 -9999 -9999 -9999 -9999 -9999 -9999 -9999 -9999 -9999 -9999 -9999 -9999 -9999 -9999 -9999 -9999 -9999 -9999 -9999 -9999 
-9999 -9999 -9999 -9999 -9999 -9999 -9999 -9999 -9999 -9999 -9999 -9999 -9999 -9999 -9999 -9999 -9999 -9999 -9999 -9999 -9999 -9999 -9999 -9999 -9999 -9999 -9999 -9999 -9999 -9999 -9999 -9999 -9999 -9999 -9999 -9999 -9999 -9999 -9999 -9999 -9999 -9999 -9999 -9999 -9999 -9999 -9999 -9999 -9999 -9999 -9999 -9999 -9999 -9999 -9999 -9999 -9999 -9999 580 525 525 632 672 552 611 519 465 615 582 550 550 592 616 742 704 704 563 598 609 603 603 627 -9999 -9999 -9999 -9999 -9999 -9999 -9999 -9999 -9999 -9999 -9999 -9999 -9999 -9999 -9999 -9999 -9999 -9999 -9999 -9999 -9999 -9999 -9999 -9999 -9999 -9999 -9999 -9999 -9999 -9999 -9999 -9999 -9999 -9999 -9999 -9999 -9999 -9999 
-9999 -9999 -9999 -9999 -9999 -9999 -9999 -9999 -9999 -9999 -9999 -9999 -9999 -9999 -9999 -9999 -9999 -9999 -9999 -9999 -9999 -9999 -9999 -9999 -9999 -9999 -9999 -9999 -9999 -9999 -9999 -9999 -9999 -9999 -9999 -9999 -9999 -9999 -9999 -9999 -9999 -9999 -9999 -9999 -9999 -9999 -9999 -9999 -9999 -9999 -9999 -9999 -9999 -9999 -9999 -9999 -9999 770 602 573 760 760 925 625 611 550 550 498 666 681 725 725 689 744 751 704 623 589 603 -9999 -9999 -9999 -9999 -9999 -9999 -9999 -9999 -9999 -9999 -9999 -9999 -9999 -9999 -9999 -9999 -9999 -9999 -9999 -9999 -9999 -9999 -9999 -9999 -9999 -9999 -9999 -9999 -9999 -9999 -9999 -9999 -9999 -9999 -9999 -9999 -9999 -9999 -9999 -9999 -9999 
-9999 -9999 -9999 -9999 -9999 -9999 -9999 -9999 -9999 -9999 -9999 -9999 -9999 -9999 -9999 -9999 -9999 -9999 -9999 -9999 -9999 -9999 -9999 -9999 -9999 -9999 -9999 -9999 -9999 -9999 -9999 -9999 -9999 -9999 -9999 -9999 -9999 -9999 -9999 -9999 -9999 -9999 -9999 -9999 -9999 -9999 -9999 -9999 -9999 -9999 -9999 -9999 -9999 -9999 -9999 884 884 746 573 573 891 891 1025 625 657 590 590 607 543 622 814 814 859 888 751 683 683 -9999 -9999 -9999 -9999 -9999 -9999 -9999 -9999 -9999 -9999 -9999 -9999 -9999 -9999 -9999 -9999 -9999 -9999 -9999 -9999 -9999 -9999 -9999 -9999 -9999 -9999 -9999 -9999 -9999 -9999 -9999 -9999 -9999 -9999 -9999 -9999 -9999 -9999 -9999 -9999 -9999 -9999 -9999 
-9999 -9999 -9999 -9999 -9999 -9999 -9999 -9999 -9999 -9999 -9999 -9999 -9999 -9999 -9999 -9999 -9999 -9999 -9999 -9999 -9999 -9999 -9999 -9999 -9999 -9999 -9999 -9999 -9999 -9999 -9999 -9999 -9999 -9999 -9999 -9999 -9999 -9999 -9999 -9999 -9999 -9999 -9999 -9999 -9999 -9999 -9999 -9999 -9999 -9999 -9999 -9999 -9999 -9999 -9999 717 622 622 642 691 937 -9999 1025 763 653 590 629 629 570 719 800 828 859 888 802 -9999 -9999 -9999 -9999 -9999 -9999 -9999 -9999 -9999 -9999 -9999 -9999 -9999 -9999 -9999 -9999 -9999 -9999 -9999 -9999 -9999 -9999 -9999 -9999 -9999 -9999 -9999 -9999 -9999 -9999 -9999 -9999 -9999 -9999 -9999 -9999 -9999 -9999 -9999 -9999 -9999 -9999 -9999 -9999 -9999 
-9999 -9999 -9999 -9999 -9999 -9999 -9999 -9999 -9999 -9999 -9999 -9999 -9999 -9999 -9999 -9999 -9999 -9999 -9999 -9999 -9999 -9999 -9999 -9999 -9999 -9999 -9999 -9999 -9999 -9999 -9999 -9999 -9999 -9999 -9999 -9999 -9999 -9999 -9999 -9999 -9999 -9999 -9999 -9999 -9999 -9999 -9999 -9999 -9999 -9999 -9999 -9999 -9999 -9999 -9999 837 780 780 771 801 888 -9999 -9999 730 590 590 734 734 685 662 693 828 -9999 -9999 -9999 -9999 -9999 -9999 -9999 -9999 -9999 -9999 -9999 -9999 -9999 -9999 -9999 -9999 -9999 -9999 -9999 -9999 -9999 -9999 -9999 -9999 -9999 -9999 -9999 -9999 -9999 -9999 -9999 -9999 -9999 -9999 -9999 -9999 -9999 -9999 -9999 -9999 -9999 -9999 -9999 -9999 -9999 -9999 -9999 -9999 
-9999 -9999 -9999 -9999 -9999 -9999 -9999 -9999 -9999 -9999 -9999 -9999 -9999 -9999 -9999 -9999 -9999 -9999 -9999 -9999 -9999 -9999 -9999 -9999 -9999 -9999 -9999 -9999 -9999 -9999 -9999 -9999 -9999 -9999 -9999 -9999 -9999 -9999 -9999 -9999 -9999 -9999 -9999 -9999 -9999 -9999 -9999 -9999 -9999 -9999 -9999 -9999 -9999 -9999 -9999 -9999 -9999 -9999 -9999 -9999 -9999 -9999 -9999 -9999 -9999 -9999 624 837 837 815 693 765 -9999 -9999 -9999 -9999 -9999 -9999 -9999 -9999 -9999 -9999 -9999 -9999 -9999 -9999 -9999 -9999 -9999 -9999 -9999 -9999 -9999 -9999 -9999 -9999 -9999 -9999 -9999 -9999 -9999 -9999 -9999 -9999 -9999 -9999 -9999 -9999 -9999 -9999 -9999 -9999 -9999 -9999 -9999 -9999 -9999 -9999 -9999 -9999 
