ncols         120
nrows         113
xllcorner     116.50986550247
yllcorner     26.347145491781
cellsize      0.008062025005
NODATA_value  -9999
-9999 -9999 -9999 -9999 -9999 -9999 -9999 -9999 -9999 -9999 -9999 -9999 -9999 -9999 -9999 -9999 -9999 -9999 -9999 -9999 -9999 -9999 -9999 -9999 -9999 -9999 -9999 -9999 -9999 -9999 -9999 -9999 -9999 -9999 -9999 -9999 -9999 -9999 -9999 -9999 -9999 -9999 -9999 -9999 -9999 -9999 -9999 -9999 -9999 -9999 -9999 -9999 -9999 -9999 -9999 -9999 -9999 -9999 -9999 -9999 -9999 -9999 -9999 -9999 -9999 -9999 -9999 -9999 -9999 -9999 -9999 -9999 -9999 -9999 -9999 -9999 -9999 -9999 -9999 -9999 -9999 -9999 -9999 -9999 -9999 -9999 -9999 -9999 -9999 -9999 -9999 -9999 -9999 11851 11851 -9999 -9999 -9999 -9999 -9999 -9999 -9999 -9999 -9999 -9999 -9999 -9999 -9999 -9999 -9999 -9999 -9999 -9999 -9999 -9999 -9999 -9999 -9999 -9999 -9999 
-9999 -9999 -9999 -9999 -9999 -9999 -9999 -9999 -9999 -9999 -9999 -9999 -9999 -9999 -9999 -9999 -9999 -9999 -9999 -9999 -9999 -9999 -9999 -9999 -9999 -9999 -9999 -9999 -9999 -9999 -9999 -9999 -9999 -9999 -9999 -9999 -9999 -9999 -9999 -9999 -9999 -9999 -9999 -9999 -9999 -9999 -9999 -9999 -9999 -9999 -9999 -9999 -9999 -9999 -9999 -9999 -9999 -9999 -9999 -9999 -9999 -9999 -9999 -9999 -9999 -9999 -9999 -9999 -9999 -9999 -9999 -9999 -9999 -9999 -9999 -9999 -9999 -9999 -9999 -9999 -9999 -9999 -9999 -9999 -9999 -9999 -9999 -9999 -9999 -9999 -9999 -9999 -9999 11851 11851 11814 11814 11808 11808 11805 -9999 -9999 -9999 -9999 -9999 -9999 -9999 -9999 -9999 -9999 -9999 -9999 -9999 -9999 -9999 -9999 -9999 -9999 -9999 -9999 
-9999 -9999 -9999 -9999 -9999 -9999 -9999 -9999 -9999 -9999 -9999 -9999 -9999 -9999 -9999 -9999 -9999 -9999 -9999 -9999 -9999 -9999 -9999 -9999 -9999 -9999 -9999 -9999 -9999 -9999 -9999 -9999 -9999 -9999 -9999 -9999 -9999 -9999 -9999 -9999 -9999 -9999 -9999 -9999 -9999 -9999 -9999 -9999 -9999 -9999 -9999 -9999 -9999 -9999 -9999 -9999 -9999 -9999 -9999 -9999 -9999 -9999 -9999 -9999 -9999 -9999 -9999 -9999 -9999 -9999 -9999 -9999 -9999 -9999 -9999 -9999 -9999 -9999 -9999 -9999 -9999 -9999 -9999 -9999 -9999 -9999 -9999 -9999 -9999 -9999 -9999 -9999 -9999 11851 11814 11814 11814 11808 11808 11808 11808 11808 -9999 -9999 -9999 -9999 -9999 -9999 -9999 -9999 -9999 -9999 -9999 -9999 -9999 -9999 -9999 -9999 -9999 -9999 
-9999 -9999 -9999 -9999 -9999 -9999 -9999 -9999 -9999 -9999 -9999 -9999 -9999 -9999 -9999 -9999 -9999 -9999 -9999 -9999 -9999 -9999 -9999 -9999 -9999 -9999 -9999 -9999 -9999 -9999 -9999 -9999 -9999 -9999 -9999 -9999 -9999 -9999 -9999 -9999 -9999 -9999 -9999 -9999 -9999 -9999 -9999 -9999 -9999 -9999 -9999 -9999 -9999 -9999 -9999 -9999 -9999 -9999 -9999 -9999 -9999 -9999 -9999 -9999 -9999 -9999 -9999 -9999 -9999 -9999 -9999 -9999 -9999 -9999 -9999 -9999 -9999 -9999 -9999 -9999 -9999 -9999 -9999 -9999 -9999 -9999 -9999 -9999 -9999 -9999 11851 11851 11851 11851 11814 11604 11604 11808 11808 11808 11808 11808 -9999 -9999 -9999 -9999 -9999 -9999 -9999 -9999 -9999 -9999 -9999 -9999 -9999 -9999 -9999 -9999 -9999 -9999 
-9999 -9999 -9999 -9999 -9999 -9999 -9999 -9999 -9999 -9999 -9999 -9999 -9999 -9999 -9999 -9999 -9999 -9999 -9999 -9999 -9999 -9999 -9999 -9999 -9999 -9999 -9999 -9999 -9999 -9999 -9999 -9999 -9999 -9999 -9999 -9999 -9999 -9999 -9999 -9999 -9999 -9999 -9999 -9999 -9999 -9999 -9999 -9999 -9999 -9999 -9999 -9999 -9999 -9999 -9999 -9999 -9999 -9999 -9999 -9999 -9999 -9999 -9999 -9999 -9999 -9999 -9999 -9999 -9999 -9999 -9999 -9999 -9999 -9999 -9999 -9999 -9999 -9999 -9999 -9999 -9999 -9999 -9999 -9999 -9999 -9999 -9999 -9999 -9999 -9999 11851 11851 11851 11814 11808 11604 11808 11808 11808 11808 11604 11808 11808 -9999 -9999 -9999 -9999 -9999 -9999 -9999 -9999 -9999 -9999 -9999 -9999 -9999 -9999 -9999 -9999 -9999 
-9999 -9999 -9999 -9999 -9999 -9999 -9999 -9999 -9999 -9999 -9999 -9999 -9999 -9999 -9999 -9999 -9999 -9999 -9999 -9999 -9999 -9999 -9999 -9999 -9999 -9999 -9999 -9999 -9999 -9999 -9999 -9999 -9999 -9999 -9999 -9999 -9999 -9999 -9999 -9999 -9999 -9999 -9999 -9999 -9999 -9999 -9999 -9999 -9999 -9999 -9999 -9999 -9999 -9999 -9999 -9999 -9999 -9999 -9999 -9999 -9999 -9999 -9999 -9999 -9999 -9999 -9999 -9999 -9999 -9999 -9999 -9999 -9999 -9999 -9999 -9999 -9999 -9999 -9999 -9999 -9999 -9999 -9999 -9999 -9999 -9999 -9999 -9999 -9999 -9999 11814 11851 11814 11814 11808 11808 11604 11604 11604 11604 11805 11805 11805 -9999 -9999 -9999 -9999 -9999 -9999 -9999 -9999 -9999 -9999 -9999 -9999 -9999 -9999 -9999 -9999 -9999 
-9999 -9999 -9999 -9999 -9999 -9999 -9999 -9999 -9999 -9999 -9999 -9999 -9999 -9999 -9999 -9999 -9999 -9999 -9999 -9999 -9999 -9999 -9999 -9999 -9999 -9999 -9999 -9999 -9999 -9999 -9999 -9999 -9999 -9999 -9999 -9999 -9999 -9999 -9999 -9999 -9999 -9999 -9999 -9999 -9999 -9999 -9999 -9999 -9999 -9999 -9999 -9999 -9999 -9999 -9999 -9999 -9999 -9999 -9999 -9999 -9999 -9999 -9999 -9999 -9999 -9999 -9999 -9999 -9999 -9999 -9999 -9999 -9999 -9999 -9999 -9999 -9999 -9999 -9999 -9999 -9999 -9999 -9999 -9999 -9999 -9999 -9999 -9999 -9999 -9999 11814 11814 11814 11808 11808 11808 11808 11604 11604 11805 11805 11805 11805 -9999 -9999 -9999 11805 11805 11805 -9999 -9999 -9999 -9999 -9999 -9999 -9999 -9999 -9999 -9999 -9999 
-9999 -9999 -9999 -9999 -9999 -9999 -9999 -9999 -9999 -9999 -9999 -9999 -9999 -9999 -9999 -9999 -9999 -9999 -9999 -9999 -9999 -9999 -9999 -9999 -9999 -9999 -9999 -9999 -9999 -9999 -9999 -9999 -9999 -9999 -9999 -9999 -9999 -9999 -9999 -9999 -9999 -9999 -9999 -9999 -9999 -9999 -9999 -9999 -9999 -9999 -9999 -9999 -9999 -9999 -9999 -9999 -9999 -9999 -9999 -9999 -9999 -9999 -9999 -9999 -9999 -9999 -9999 -9999 -9999 -9999 -9999 -9999 -9999 -9999 -9999 -9999 -9999 -9999 -9999 -9999 -9999 -9999 -9999 -9999 -9999 -9999 -9999 11814 11814 11814 11814 11814 11808 11808 11604 11604 11808 11808 11604 11805 11805 11805 11805 11805 11805 11805 11805 11805 11805 11805 11805 11805 11807 11807 -9999 -9999 -9999 -9999 -9999 -9999 
-9999 -9999 -9999 -9999 -9999 -9999 -9999 -9999 -9999 -9999 -9999 -9999 -9999 -9999 -9999 -9999 -9999 -9999 -9999 -9999 -9999 -9999 -9999 -9999 -9999 -9999 -9999 -9999 -9999 -9999 -9999 -9999 -9999 -9999 -9999 -9999 -9999 -9999 -9999 -9999 -9999 -9999 -9999 -9999 -9999 -9999 -9999 -9999 -9999 -9999 -9999 -9999 -9999 -9999 -9999 -9999 -9999 -9999 -9999 -9999 -9999 -9999 -9999 -9999 -9999 -9999 -9999 -9999 -9999 -9999 -9999 -9999 -9999 -9999 -9999 -9999 -9999 -9999 -9999 -9999 -9999 -9999 -9999 -9999 -9999 -9999 -9999 11814 11814 11814 11808 11808 11808 11808 11808 11604 11604 11604 11604 11805 11805 11805 11805 11805 11805 11805 11605 11605 11805 11805 11805 11805 11807 11807 11807 11807 11814 11814 -9999 -9999 
-9999 -9999 -9999 -9999 -9999 -9999 -9999 -9999 -9999 -9999 -9999 -9999 -9999 -9999 -9999 -9999 -9999 -9999 -9999 -9999 -9999 -9999 -9999 -9999 -9999 -9999 -9999 -9999 -9999 -9999 -9999 -9999 -9999 -9999 -9999 -9999 -9999 -9999 -9999 -9999 -9999 -9999 -9999 -9999 -9999 -9999 -9999 -9999 -9999 -9999 -9999 -9999 -9999 -9999 -9999 -9999 -9999 -9999 -9999 -9999 -9999 -9999 -9999 -9999 -9999 -9999 -9999 -9999 -9999 -9999 -9999 -9999 -9999 -9999 -9999 -9999 -9999 -9999 -9999 -9999 -9999 -9999 -9999 11814 11814 11814 11814 11808 11808 11808 11808 11808 11808 11808 11808 11808 11604 11604 11604 11604 11604 11604 11805 11805 11805 11605 11605 11805 11605 11605 11605 11807 11807 11807 11807 11807 11814 11814 -9999 -9999 
-9999 -9999 -9999 -9999 -9999 -9999 -9999 -9999 -9999 -9999 -9999 -9999 -9999 -9999 -9999 -9999 -9999 -9999 -9999 -9999 -9999 -9999 -9999 -9999 -9999 -9999 -9999 -9999 -9999 -9999 -9999 -9999 -9999 -9999 -9999 -9999 -9999 -9999 -9999 -9999 -9999 -9999 -9999 -9999 -9999 -9999 -9999 -9999 -9999 -9999 -9999 -9999 -9999 -9999 -9999 -9999 -9999 -9999 -9999 -9999 -9999 -9999 -9999 -9999 -9999 -9999 -9999 -9999 -9999 -9999 -9999 -9999 -9999 -9999 -9999 -9999 -9999 -9999 -9999 -9999 -9999 -9999 -9999 11814 11814 11604 11604 11808 11808 11808 11808 11808 11808 11808 11808 11808 11808 11604 11604 11808 11808 11805 11805 11805 11805 11605 11605 11605 11605 11605 11805 11807 11807 11807 11807 11807 11814 11814 -9999 -9999 
-9999 -9999 -9999 -9999 -9999 -9999 -9999 -9999 -9999 -9999 -9999 -9999 -9999 -9999 -9999 -9999 -9999 -9999 -9999 -9999 -9999 -9999 -9999 -9999 -9999 -9999 -9999 -9999 -9999 -9999 -9999 -9999 -9999 -9999 -9999 -9999 -9999 -9999 -9999 -9999 -9999 -9999 -9999 -9999 -9999 -9999 -9999 -9999 -9999 -9999 -9999 -9999 -9999 -9999 -9999 -9999 -9999 -9999 -9999 -9999 -9999 -9999 -9999 -9999 -9999 -9999 -9999 -9999 -9999 -9999 -9999 -9999 -9999 -9999 -9999 -9999 -9999 -9999 -9999 -9999 -9999 -9999 -9999 -9999 11604 11604 11808 11808 11808 11808 11808 11808 11808 11808 11808 11808 11808 11808 11808 11808 11808 11805 11805 11605 11605 11605 11805 11805 11805 11805 11805 11814 11814 11814 11807 11807 11814 11814 -9999 -9999 
-9999 -9999 -9999 -9999 -9999 -9999 -9999 -9999 -9999 -9999 -9999 -9999 -9999 -9999 -9999 -9999 -9999 -9999 -9999 -9999 -9999 -9999 -9999 -9999 -9999 -9999 -9999 -9999 -9999 -9999 -9999 -9999 -9999 -9999 -9999 -9999 -9999 -9999 -9999 -9999 -9999 -9999 -9999 -9999 -9999 -9999 -9999 -9999 -9999 -9999 -9999 -9999 -9999 -9999 -9999 -9999 -9999 -9999 -9999 -9999 -9999 -9999 -9999 -9999 -9999 -9999 -9999 -9999 -9999 -9999 -9999 -9999 -9999 -9999 -9999 -9999 -9999 -9999 -9999 -9999 -9999 -9999 11604 11604 11604 11815 11808 11808 11808 11808 11808 11808 11808 11808 11808 11808 11808 11808 11808 11808 11808 11805 11805 11605 11605 11605 11605 11605 11805 11805 11814 11839 11839 11839 11814 11814 11814 11814 11839 -9999 
-9999 -9999 -9999 -9999 -9999 -9999 -9999 -9999 -9999 -9999 -9999 -9999 -9999 -9999 -9999 -9999 -9999 -9999 -9999 -9999 -9999 -9999 -9999 -9999 -9999 -9999 -9999 -9999 -9999 -9999 -9999 -9999 -9999 -9999 -9999 -9999 -9999 -9999 -9999 -9999 -9999 -9999 -9999 -9999 -9999 -9999 -9999 -9999 -9999 -9999 -9999 -9999 -9999 -9999 -9999 -9999 -9999 -9999 -9999 -9999 -9999 -9999 -9999 -9999 -9999 -9999 -9999 -9999 -9999 -9999 -9999 -9999 -9999 -9999 -9999 -9999 -9999 -9999 -9999 -9999 -9999 -9999 11604 11815 11815 11815 11815 11808 11808 11808 11808 11808 11605 11605 11605 11808 11808 11808 11808 11808 11808 11805 11805 11805 11805 11805 11805 11805 11805 11805 11814 11839 11839 11839 11814 11814 11814 11814 11814 -9999 
-9999 -9999 -9999 -9999 -9999 -9999 -9999 -9999 -9999 -9999 -9999 -9999 -9999 -9999 -9999 -9999 -9999 -9999 -9999 -9999 -9999 -9999 -9999 -9999 -9999 -9999 -9999 -9999 -9999 -9999 -9999 -9999 -9999 -9999 -9999 -9999 -9999 -9999 -9999 -9999 -9999 -9999 -9999 -9999 -9999 -9999 -9999 -9999 -9999 -9999 -9999 -9999 -9999 -9999 -9999 -9999 -9999 -9999 -9999 -9999 -9999 -9999 -9999 -9999 -9999 -9999 -9999 -9999 -9999 -9999 -9999 -9999 -9999 -9999 -9999 -9999 -9999 -9999 -9999 -9999 -9999 -9999 11839 11839 11839 11815 11815 11808 11808 11808 11808 11808 11808 11605 11808 11808 11808 11808 11604 11808 11604 11604 11604 11604 11805 11805 11805 11805 11808 11808 11814 11839 11839 11839 11814 11814 11814 11814 11814 -9999 
-9999 -9999 -9999 -9999 -9999 -9999 -9999 -9999 -9999 -9999 -9999 -9999 -9999 -9999 -9999 -9999 -9999 -9999 -9999 -9999 -9999 -9999 -9999 -9999 -9999 -9999 -9999 -9999 -9999 -9999 -9999 -9999 -9999 -9999 -9999 -9999 -9999 -9999 -9999 -9999 -9999 -9999 -9999 -9999 -9999 -9999 -9999 -9999 -9999 -9999 -9999 -9999 -9999 -9999 -9999 -9999 -9999 -9999 -9999 -9999 -9999 -9999 -9999 -9999 -9999 -9999 -9999 -9999 -9999 -9999 -9999 -9999 -9999 -9999 -9999 -9999 -9999 -9999 -9999 -9999 -9999 -9999 -9999 11839 11839 11815 11815 11808 11808 11808 11808 11808 11605 11605 11808 11808 11604 11808 11604 11604 11604 11604 11604 11604 11805 11805 11805 11808 11808 11808 11814 11839 11839 11839 11814 11814 11814 11814 11839 11839 
-9999 -9999 -9999 -9999 -9999 -9999 -9999 -9999 -9999 -9999 -9999 -9999 -9999 -9999 -9999 -9999 -9999 -9999 -9999 -9999 -9999 -9999 -9999 -9999 -9999 -9999 -9999 -9999 -9999 -9999 -9999 -9999 -9999 -9999 -9999 -9999 -9999 -9999 -9999 -9999 -9999 -9999 -9999 -9999 -9999 -9999 -9999 -9999 -9999 -9999 -9999 -9999 -9999 -9999 -9999 -9999 -9999 -9999 -9999 -9999 -9999 -9999 -9999 -9999 -9999 -9999 -9999 -9999 -9999 -9999 -9999 -9999 -9999 -9999 -9999 -9999 -9999 -9999 -9999 -9999 -9999 -9999 -9999 11839 11839 11815 11815 11808 11808 11808 11808 11808 11605 11605 11808 11808 11604 11808 11604 11604 11604 11604 11604 11604 11805 11805 11805 11808 11808 11808 11814 11839 11839 11839 11814 11814 11814 11814 11839 -9999 
-9999 -9999 -9999 -9999 -9999 -9999 -9999 -9999 -9999 -9999 -9999 -9999 -9999 -9999 -9999 -9999 -9999 -9999 -9999 -9999 -9999 -9999 -9999 -9999 -9999 -9999 -9999 -9999 -9999 -9999 -9999 -9999 -9999 -9999 -9999 -9999 -9999 -9999 -9999 -9999 -9999 -9999 -9999 -9999 -9999 -9999 -9999 -9999 -9999 -9999 -9999 -9999 -9999 -9999 -9999 -9999 -9999 -9999 -9999 -9999 -9999 -9999 -9999 -9999 -9999 -9999 -9999 -9999 -9999 -9999 -9999 -9999 -9999 -9999 -9999 -9999 -9999 -9999 -9999 -9999 11839 11839 11839 11839 11815 11815 11808 11808 11808 11808 11808 11808 11605 11605 11808 11808 11604 11604 11604 11808 11808 11808 11808 11604 11805 11808 11808 11808 11808 11808 11814 11839 11839 11839 11604 11604 11814 11839 11839 -9999 
-9999 -9999 -9999 -9999 -9999 -9999 -9999 -9999 -9999 -9999 -9999 -9999 -9999 -9999 -9999 -9999 -9999 -9999 -9999 -9999 -9999 -9999 -9999 -9999 -9999 -9999 -9999 -9999 -9999 -9999 -9999 -9999 -9999 -9999 -9999 -9999 -9999 -9999 -9999 -9999 -9999 -9999 -9999 -9999 -9999 -9999 -9999 -9999 -9999 -9999 -9999 -9999 -9999 -9999 -9999 -9999 -9999 -9999 -9999 -9999 -9999 -9999 -9999 -9999 -9999 -9999 -9999 11840 -9999 -9999 -9999 -9999 -9999 -9999 -9999 -9999 -9999 -9999 11839 11839 11839 11839 11839 11815 11815 11815 11808 11808 11808 11808 11808 11605 11605 11605 11808 11808 11808 11604 11808 11808 11808 11808 11808 11808 11808 11808 11808 11808 11808 11808 11814 11839 11839 11839 11604 11839 11839 -9999 -9999 -9999 
-9999 -9999 -9999 -9999 -9999 -9999 -9999 -9999 -9999 -9999 -9999 -9999 -9999 -9999 -9999 -9999 -9999 -9999 -9999 -9999 -9999 -9999 -9999 -9999 -9999 -9999 -9999 -9999 -9999 -9999 -9999 -9999 -9999 -9999 -9999 -9999 -9999 -9999 -9999 -9999 -9999 -9999 -9999 -9999 -9999 -9999 -9999 -9999 -9999 -9999 -9999 -9999 -9999 -9999 -9999 -9999 -9999 -9999 -9999 -9999 -9999 -9999 -9999 -9999 -9999 -9999 11840 11840 11840 11840 11840 11815 -9999 -9999 -9999 -9999 -9999 11815 11815 11815 11815 11815 11815 11815 11815 11645 11808 11808 11808 11808 11808 11808 11808 11605 11605 11808 11808 11605 11808 11605 11605 11808 11808 11808 11808 11808 11808 11808 11808 11808 11814 11814 11839 11839 11604 11839 -9999 -9999 -9999 -9999 
-9999 -9999 -9999 -9999 -9999 -9999 -9999 -9999 -9999 -9999 -9999 -9999 -9999 -9999 -9999 -9999 -9999 -9999 -9999 -9999 -9999 -9999 -9999 -9999 -9999 -9999 -9999 -9999 -9999 -9999 -9999 -9999 -9999 -9999 -9999 -9999 -9999 -9999 -9999 -9999 -9999 -9999 -9999 -9999 -9999 -9999 -9999 -9999 -9999 -9999 -9999 -9999 -9999 -9999 -9999 -9999 -9999 -9999 -9999 -9999 -9999 -9999 -9999 -9999 -9999 11840 11840 11840 11840 11815 11815 11815 11815 11815 11815 11815 11815 11815 11815 11805 11805 11805 11805 11805 11645 11645 11808 11808 11808 11808 11808 11808 11605 11605 11605 11605 11605 11605 11605 11605 11808 11808 11808 11808 11808 11808 11604 11808 11808 11808 11814 11814 11839 11839 -9999 -9999 -9999 -9999 -9999 -9999 
-9999 -9999 -9999 -9999 -9999 -9999 -9999 -9999 -9999 -9999 -9999 -9999 -9999 -9999 -9999 -9999 -9999 -9999 -9999 -9999 -9999 -9999 -9999 -9999 -9999 -9999 -9999 -9999 -9999 -9999 -9999 -9999 -9999 -9999 -9999 -9999 -9999 -9999 -9999 -9999 -9999 -9999 -9999 -9999 -9999 -9999 -9999 -9999 -9999 -9999 -9999 -9999 -9999 -9999 -9999 -9999 -9999 -9999 11840 11840 11840 11840 11840 11840 11840 11840 11815 11840 11815 11815 11815 11815 11815 11815 11815 11807 11815 11815 11805 11805 11805 11805 11805 11805 11805 11645 11808 11808 11808 11808 11808 11808 11375 11375 11375 11605 11605 11605 11808 11808 11808 11808 11808 11663 11808 11808 11604 11808 11808 11808 11808 11814 11814 11814 -9999 -9999 -9999 -9999 -9999 -9999 
-9999 -9999 -9999 -9999 -9999 -9999 -9999 -9999 -9999 -9999 -9999 -9999 -9999 -9999 -9999 -9999 -9999 -9999 -9999 -9999 -9999 -9999 -9999 -9999 -9999 -9999 -9999 -9999 -9999 -9999 -9999 -9999 -9999 -9999 -9999 -9999 -9999 -9999 -9999 -9999 -9999 -9999 -9999 -9999 -9999 -9999 -9999 -9999 -9999 -9999 -9999 -9999 -9999 -9999 -9999 -9999 -9999 -9999 11840 11840 11840 11815 11815 11815 11815 11815 11815 11815 11815 11815 11807 11815 11815 11807 11807 11807 11389 11805 11805 11805 11805 11604 11604 11805 11805 11645 11645 11808 11808 11808 11808 11375 11375 11375 11375 11375 11605 11808 11808 11808 11808 11808 11663 11808 11808 11808 11604 11808 11808 11808 11814 11814 11839 11839 -9999 -9999 -9999 -9999 -9999 -9999 
-9999 -9999 -9999 -9999 -9999 -9999 -9999 -9999 -9999 -9999 -9999 -9999 -9999 -9999 -9999 -9999 -9999 -9999 -9999 -9999 -9999 -9999 -9999 -9999 -9999 -9999 -9999 -9999 -9999 -9999 -9999 -9999 -9999 -9999 -9999 -9999 -9999 -9999 -9999 -9999 -9999 -9999 -9999 -9999 -9999 -9999 -9999 -9999 -9999 -9999 -9999 -9999 -9999 -9999 -9999 -9999 -9999 -9999 11840 11840 11815 11815 11805 11815 11815 11815 11815 11815 11815 11807 11807 11807 11807 11807 11807 11807 11389 11805 11805 11645 11805 11604 11604 11805 11805 11805 11645 11808 11808 11808 11375 11375 11375 11375 11375 11375 11605 11605 11808 11808 11663 11808 11663 11808 11808 11604 11604 11808 11808 11808 11814 11814 11814 11814 -9999 -9999 -9999 -9999 -9999 -9999 
-9999 -9999 -9999 -9999 -9999 -9999 -9999 -9999 -9999 -9999 -9999 -9999 -9999 -9999 -9999 -9999 -9999 -9999 -9999 -9999 -9999 -9999 -9999 -9999 -9999 -9999 -9999 -9999 -9999 -9999 -9999 -9999 -9999 -9999 -9999 -9999 -9999 -9999 -9999 -9999 -9999 -9999 -9999 -9999 -9999 -9999 -9999 -9999 -9999 -9999 -9999 -9999 -9999 -9999 -9999 -9999 11840 11840 11815 11815 11815 11815 11805 11805 11815 11815 11815 11815 11815 11807 11807 11807 11807 11807 11807 11389 11389 11389 11645 11645 11805 11604 11604 11805 11805 11805 11805 11808 11808 11375 11375 11375 11375 11375 11375 11375 11605 11605 11808 11808 11663 11663 11808 11808 11808 11604 11808 11808 11808 11808 11814 11814 -9999 -9999 -9999 -9999 -9999 -9999 -9999 -9999 
-9999 -9999 -9999 -9999 -9999 -9999 -9999 -9999 -9999 -9999 -9999 -9999 -9999 -9999 -9999 -9999 -9999 -9999 -9999 -9999 -9999 -9999 -9999 -9999 -9999 -9999 -9999 -9999 -9999 -9999 -9999 -9999 -9999 -9999 -9999 -9999 -9999 -9999 -9999 -9999 -9999 -9999 -9999 -9999 -9999 -9999 -9999 -9999 -9999 -9999 -9999 -9999 -9999 -9999 -9999 11815 11815 11815 11815 11815 11805 11805 11805 11805 11815 11815 11815 11815 11815 11815 11815 11815 11807 11807 11807 11389 11389 11389 11645 11645 11805 11604 11604 11805 11805 11805 11805 11805 11805 11375 11375 11375 11375 11375 11375 11375 11605 11605 11808 11808 11663 11663 11808 11808 11604 11604 11604 11808 11808 11808 11814 -9999 -9999 -9999 -9999 -9999 -9999 -9999 -9999 -9999 
-9999 -9999 -9999 -9999 -9999 -9999 -9999 -9999 -9999 -9999 -9999 -9999 -9999 -9999 -9999 -9999 -9999 -9999 -9999 -9999 -9999 -9999 -9999 -9999 -9999 -9999 -9999 -9999 -9999 -9999 -9999 -9999 -9999 -9999 -9999 -9999 -9999 -9999 -9999 -9999 -9999 -9999 -9999 -9999 -9999 -9999 -9999 -9999 -9999 -9999 -9999 -9999 -9999 -9999 11815 11815 11815 11815 11805 11805 11805 11805 11604 11805 11815 11815 11815 11815 11815 11815 11815 11807 11807 11807 11389 11389 11389 11645 11645 11805 11805 11604 11604 11805 11805 11805 11805 11805 11375 11375 11375 11375 11375 11375 11375 11375 11605 11605 11808 11808 11808 11663 11808 11808 11808 11604 11604 11808 11808 11808 11814 -9999 -9999 -9999 -9999 -9999 -9999 -9999 -9999 -9999 
-9999 -9999 -9999 -9999 -9999 -9999 -9999 -9999 -9999 -9999 -9999 -9999 -9999 -9999 -9999 -9999 -9999 -9999 -9999 -9999 -9999 -9999 -9999 -9999 -9999 -9999 -9999 -9999 -9999 -9999 -9999 -9999 -9999 -9999 -9999 -9999 -9999 -9999 -9999 -9999 -9999 -9999 -9999 -9999 -9999 -9999 -9999 -9999 -9999 -9999 -9999 -9999 -9999 -9999 11839 11815 11805 11805 11805 11805 11604 11604 11805 11805 11805 11805 11815 11839 11839 11839 11839 11815 11807 11807 11389 11389 11645 11389 11805 11805 11805 11604 11604 11604 11805 11805 11805 11805 11375 11375 11375 11375 11375 11375 11375 11375 11605 11808 11808 11808 11605 11605 11808 11808 11808 11808 11604 11808 11808 -9999 -9999 -9999 -9999 -9999 -9999 -9999 -9999 -9999 -9999 -9999 
-9999 -9999 -9999 -9999 -9999 -9999 -9999 -9999 -9999 -9999 -9999 -9999 -9999 -9999 -9999 -9999 -9999 -9999 -9999 -9999 -9999 -9999 -9999 -9999 -9999 -9999 -9999 -9999 -9999 -9999 -9999 -9999 -9999 -9999 -9999 -9999 -9999 -9999 -9999 -9999 -9999 -9999 -9999 -9999 -9999 -9999 -9999 -9999 -9999 -9999 -9999 -9999 -9999 11839 11839 11815 11805 11805 11604 11604 11604 11604 11805 11805 11805 11805 11815 11839 11839 11839 11839 11839 11815 11807 11389 11389 11389 11389 11805 11805 11604 11604 11604 11604 11805 11805 11805 11375 11375 11375 11375 11375 11375 11375 11375 11375 11605 11605 11605 11605 11605 11808 11604 11604 11604 11808 11808 11808 11808 -9999 -9999 -9999 -9999 -9999 -9999 -9999 -9999 -9999 -9999 -9999 
-9999 -9999 -9999 -9999 -9999 -9999 -9999 -9999 -9999 -9999 -9999 -9999 -9999 -9999 -9999 -9999 -9999 -9999 -9999 -9999 -9999 -9999 -9999 -9999 -9999 -9999 -9999 -9999 -9999 -9999 -9999 -9999 -9999 -9999 -9999 -9999 -9999 -9999 11805 -9999 -9999 -9999 -9999 -9999 -9999 -9999 -9999 -9999 -9999 -9999 -9999 -9999 -9999 11839 11815 11815 11805 11805 11805 11604 11604 11805 11805 11805 11805 11815 11815 11839 11839 11839 11839 11839 11815 11807 11389 11389 11389 11389 11805 11604 11604 11805 11805 11604 11604 11375 11375 11375 11375 11375 11375 11375 11375 11375 11375 11808 11605 11808 11808 11808 11808 11808 11604 11604 11604 11604 11808 11604 11808 -9999 -9999 -9999 -9999 -9999 -9999 -9999 -9999 -9999 -9999 -9999 
-9999 -9999 -9999 -9999 -9999 -9999 -9999 -9999 -9999 -9999 -9999 -9999 -9999 -9999 -9999 -9999 -9999 -9999 -9999 -9999 -9999 -9999 -9999 -9999 -9999 -9999 -9999 -9999 -9999 -9999 -9999 -9999 -9999 -9999 -9999 -9999 -9999 11805 11805 -9999 -9999 -9999 -9999 11805 11805 11805 11805 11805 11815 11815 11815 11815 11815 11815 11815 11815 11815 11815 11805 11604 11604 11805 11805 11815 11815 11815 11815 11839 11839 11839 11839 11839 11815 11807 11389 11389 11389 11389 11389 11805 11805 11805 11805 11805 11375 11375 11375 11375 11375 11375 11375 11375 11375 11375 11808 11808 11808 11808 11808 11808 11808 11808 11808 11808 11808 11604 11808 11808 -9999 -9999 -9999 -9999 -9999 -9999 -9999 -9999 -9999 -9999 -9999 -9999 
-9999 -9999 -9999 -9999 -9999 -9999 -9999 -9999 -9999 -9999 -9999 -9999 -9999 -9999 -9999 -9999 -9999 -9999 -9999 -9999 -9999 -9999 -9999 -9999 -9999 -9999 -9999 -9999 -9999 -9999 -9999 -9999 -9999 -9999 11805 11805 11805 11805 11805 11805 11805 11805 11805 11805 11805 11805 11805 11805 11805 11805 11805 11815 11815 11815 11815 11815 11815 11815 11805 11604 11604 11805 11805 11815 11815 11839 11839 11839 11839 11839 11839 11815 11815 11807 11389 11389 11389 11389 11389 11805 11805 11805 11805 11375 11375 11375 11375 11375 11645 11375 11375 11375 11375 11808 11808 11808 11808 11604 11604 11808 11808 11808 11808 11808 11808 -9999 -9999 -9999 -9999 -9999 -9999 -9999 -9999 -9999 -9999 -9999 -9999 -9999 -9999 -9999 
-9999 -9999 -9999 -9999 -9999 -9999 -9999 -9999 -9999 -9999 -9999 -9999 -9999 -9999 -9999 -9999 -9999 -9999 -9999 -9999 -9999 -9999 -9999 -9999 -9999 -9999 -9999 -9999 -9999 -9999 -9999 -9999 -9999 -9999 11805 11805 11805 11604 11805 11805 11805 11805 11805 11805 11805 11805 11805 11805 11805 11805 11815 11815 11815 11815 11815 11815 11815 11815 11805 11604 11805 11805 11815 11815 11839 11839 11839 11839 11839 11839 11839 11815 11815 11807 11389 11389 11389 11389 11389 11805 11805 11375 11375 11375 11375 11375 11375 11645 11375 11375 11645 11645 11808 11808 11808 11808 11604 11604 11808 11808 11808 11808 11808 11808 11808 -9999 -9999 -9999 -9999 -9999 -9999 -9999 -9999 -9999 -9999 -9999 -9999 -9999 -9999 -9999 
-9999 -9999 -9999 -9999 -9999 -9999 -9999 -9999 -9999 -9999 -9999 -9999 -9999 -9999 -9999 -9999 -9999 -9999 -9999 -9999 -9999 11805 11805 11805 11805 11805 11805 -9999 -9999 -9999 -9999 -9999 -9999 11805 11805 11805 11805 11604 11805 11805 11805 11805 11805 11805 11805 11805 11805 11805 11805 11805 11815 11815 11815 11815 11815 11815 11815 11815 11604 11604 11805 11805 11815 11815 11839 11839 11839 11839 11839 11839 11839 11815 11815 11389 11389 11604 11604 11389 11389 11805 11375 11375 11375 11375 11375 11375 11375 11645 11645 11645 11645 11808 11808 11604 11604 11604 11604 11808 11808 11808 11808 11808 11808 11808 11808 -9999 -9999 -9999 -9999 -9999 -9999 -9999 -9999 -9999 -9999 -9999 -9999 -9999 -9999 -9999 
-9999 -9999 -9999 -9999 -9999 -9999 -9999 -9999 -9999 -9999 -9999 -9999 -9999 -9999 -9999 -9999 -9999 -9999 -9999 -9999 -9999 11805 11805 11805 11805 11805 11805 11805 11805 11814 11814 11814 11808 11805 11805 11604 11604 11604 11604 11805 11805 11805 11805 11805 11805 11604 11604 11805 11805 11805 11815 11815 11815 11815 11815 11805 11805 11805 11604 11805 11805 11815 11815 11839 11839 11839 11839 11839 11839 11815 11815 11815 11815 11389 11389 11604 11604 11389 11805 11805 11375 11375 11375 11375 11375 11375 11375 11375 11375 11375 11375 11808 11808 11604 11808 11808 11808 11808 11808 11808 11808 11808 11808 11808 -9999 -9999 -9999 -9999 -9999 -9999 -9999 -9999 -9999 -9999 -9999 -9999 -9999 -9999 -9999 -9999 
-9999 -9999 -9999 -9999 -9999 -9999 -9999 -9999 -9999 -9999 -9999 -9999 -9999 -9999 -9999 -9999 -9999 -9999 -9999 -9999 -9999 11805 11805 11805 11805 11805 11805 11805 11805 11808 11808 11808 11808 11808 11808 11808 11808 11808 11604 11805 11805 11805 11805 11604 11604 11604 11805 11805 11805 11805 11805 11805 11805 11815 11805 11805 11805 11805 11805 11604 11805 11815 11815 11815 11839 11839 11839 11839 11815 11815 11815 11815 11815 11389 11604 11604 11389 11805 11805 11805 11375 11375 11375 11375 11375 11375 11375 11375 11375 11375 11808 11808 11604 11604 11604 11808 11808 11808 11663 11808 11808 11808 -9999 -9999 -9999 -9999 -9999 -9999 -9999 -9999 -9999 -9999 -9999 -9999 -9999 -9999 -9999 -9999 -9999 -9999 
-9999 -9999 -9999 -9999 -9999 -9999 -9999 -9999 -9999 -9999 -9999 -9999 -9999 -9999 -9999 -9999 -9999 11805 11805 11805 11805 11805 11805 11805 11805 11805 11805 11805 11808 11808 11808 11808 11808 11808 11808 11808 11604 11808 11805 11805 11805 11604 11604 11604 11805 11805 11805 11805 11805 11805 11805 11805 11805 11805 11805 11805 11604 11805 11805 11805 11805 11805 11815 11815 11815 11815 11815 11815 11815 11815 11805 11805 11805 11389 11604 11389 11389 11808 11805 11805 11805 11375 11375 11375 11375 11375 11375 11375 11808 11808 11808 11604 11604 11808 11808 11808 11808 11663 11808 11808 11663 11663 -9999 -9999 -9999 -9999 -9999 -9999 -9999 -9999 -9999 -9999 -9999 -9999 -9999 -9999 -9999 -9999 -9999 -9999 
-9999 -9999 -9999 -9999 -9999 -9999 -9999 -9999 -9999 -9999 -9999 -9999 -9999 -9999 -9999 -9999 -9999 11805 11805 11805 11604 11604 11604 11604 11805 11805 11805 11805 11808 11808 11808 11808 11808 11808 11808 11604 11604 11808 11808 11805 11805 11604 11604 11805 11805 11805 11805 11805 11805 11805 11805 11805 11805 11805 11805 11805 11604 11805 11805 11805 11805 11805 11805 11815 11805 11805 11815 11815 11815 11805 11805 11805 11805 11389 11389 11389 11389 11808 11808 11805 11805 11805 11805 11375 11375 11375 11808 11808 11808 11808 11808 11604 11604 11604 11604 11604 11808 11663 11663 11663 11663 11808 -9999 -9999 -9999 -9999 -9999 -9999 -9999 -9999 -9999 -9999 -9999 -9999 -9999 -9999 -9999 -9999 -9999 -9999 
-9999 -9999 -9999 -9999 -9999 -9999 -9999 -9999 -9999 -9999 -9999 -9999 -9999 -9999 -9999 -9999 -9999 11805 11604 11808 11604 11604 11604 11808 11808 11805 11604 11808 11808 11808 11808 11808 11808 11808 11808 11604 11808 11808 11805 11805 11805 11805 11805 11805 11805 11805 11805 11805 11805 11805 11805 11805 11805 11805 11805 11604 11604 11805 11805 11805 11805 11805 11805 11805 11805 11645 11645 11815 11815 11805 11805 11805 11604 11389 11389 11389 11389 11808 11808 11808 11808 11808 11808 11808 11808 11808 11808 11808 11808 11808 11808 11808 11812 11812 11812 11604 11604 11663 11663 11663 11808 11808 -9999 -9999 -9999 -9999 -9999 -9999 -9999 -9999 -9999 -9999 -9999 -9999 -9999 -9999 -9999 -9999 -9999 -9999 
-9999 -9999 -9999 -9999 -9999 -9999 -9999 -9999 -9999 -9999 -9999 -9999 -9999 -9999 -9999 -9999 -9999 11808 11808 11808 11808 11808 11808 11808 11808 11604 11604 11808 11808 11808 11808 11808 11808 11808 11604 11604 11808 11808 11805 11805 11805 11805 11805 11805 11805 11805 11805 11805 11805 11805 11805 11814 11814 11814 11814 11604 11805 11805 11805 11805 11805 11805 11805 11805 11645 11805 11815 11815 11805 11805 11805 11604 11604 11389 11389 11389 11389 11604 11808 11808 11808 11808 11808 11808 11808 11808 11808 11808 11808 11808 11808 11812 11812 11812 11812 11812 11812 11812 11808 11808 -9999 -9999 -9999 -9999 -9999 -9999 -9999 -9999 -9999 -9999 -9999 -9999 -9999 -9999 -9999 -9999 -9999 -9999 -9999 -9999 
-9999 -9999 -9999 -9999 -9999 -9999 -9999 -9999 -9999 -9999 -9999 -9999 -9999 -9999 -9999 11805 11604 11604 11808 11808 11808 11808 11808 11808 11808 11808 11604 11808 11808 11808 11808 11808 11808 11604 11604 11808 11808 11808 11805 11805 11805 11805 11805 11805 11805 11805 11808 11808 11808 11808 11814 11814 11814 11814 11814 11814 11814 11814 11805 11805 11805 11805 11645 11645 11805 11805 11815 11375 11375 11805 11805 11604 11604 11604 11375 11375 11375 11604 11808 11808 11808 11604 11604 11808 11808 11808 11808 11808 11808 11808 11808 11808 11812 11812 11812 11812 11812 11812 11604 11604 -9999 -9999 -9999 -9999 -9999 -9999 -9999 -9999 -9999 -9999 -9999 -9999 -9999 -9999 -9999 -9999 -9999 -9999 -9999 -9999 
-9999 -9999 -9999 -9999 -9999 -9999 -9999 -9999 -9999 -9999 -9999 -9999 -9999 -9999 11805 11805 11604 11604 11808 11808 11808 11808 11808 11808 11604 11604 11604 11604 11604 11604 11808 11808 11604 11808 11604 11604 11808 11808 11805 11805 11805 11805 11805 11808 11808 11808 11808 11808 11808 11808 11814 11814 11814 11814 11814 11814 11805 11805 11805 11805 11805 11645 11645 11805 11805 11805 11805 11805 11375 11375 11805 11375 11604 11604 11604 11375 11375 11375 11604 11808 11808 11604 11604 11808 11808 11808 11808 11808 11808 11808 11808 11808 11812 11812 11812 11604 11604 11604 11808 11808 -9999 -9999 -9999 -9999 -9999 -9999 -9999 -9999 -9999 -9999 -9999 -9999 -9999 -9999 -9999 -9999 -9999 -9999 -9999 -9999 
-9999 -9999 -9999 -9999 -9999 -9999 -9999 -9999 -9999 -9999 -9999 -9999 -9999 -9999 11805 11805 11805 11604 11604 11808 11808 11808 11808 11808 11808 11808 11808 11808 11604 11604 11604 11604 11604 11808 11808 11808 11808 11808 11808 11805 11805 11808 11808 11808 11808 11808 11808 11808 11808 11808 11814 11814 11814 11814 11805 11805 11805 11805 11805 11805 11805 11645 11805 11805 11805 11805 11805 11805 11375 11375 11375 11375 11375 11375 11604 11375 11375 11375 11604 11604 11604 11604 11604 11808 11808 11808 11808 11808 11808 11808 11808 11604 11604 11812 11812 11604 11604 11808 11808 11808 11808 -9999 -9999 -9999 -9999 -9999 -9999 -9999 -9999 -9999 -9999 -9999 -9999 -9999 -9999 -9999 -9999 -9999 -9999 -9999 
-9999 -9999 -9999 -9999 -9999 -9999 -9999 -9999 -9999 -9999 -9999 -9999 -9999 11805 11805 11805 11805 11805 11604 11808 11808 11808 11808 11808 11808 11604 11604 11808 11808 11604 11604 11604 11808 11808 11808 11808 11808 11808 11808 11808 11808 11808 11808 11808 11808 11808 11808 11808 11808 11814 11814 11814 11814 11805 11805 11805 11805 11805 11805 11805 11805 11645 11805 11805 11805 11805 11805 11805 11375 11375 11375 11375 11375 11375 11375 11375 11375 11375 11604 11604 11604 11604 11604 11604 11808 11808 11808 11808 11808 11808 11808 11604 11604 11604 11604 11604 11604 11808 11808 11808 -9999 -9999 -9999 -9999 -9999 -9999 -9999 -9999 -9999 -9999 -9999 -9999 -9999 -9999 -9999 -9999 -9999 -9999 -9999 -9999 
-9999 -9999 -9999 -9999 -9999 -9999 -9999 -9999 -9999 -9999 -9999 -9999 11805 11805 11805 11805 11604 11805 11604 11808 11808 11808 11808 11808 11808 11808 11808 11604 11808 11808 11604 11604 11808 11808 11808 11808 11808 11808 11604 11604 11604 11808 11808 11808 11808 11808 11808 11808 11808 11814 11814 11814 11814 11805 11805 11805 11805 11805 11805 11805 11805 11805 11805 11805 11805 11805 11375 11375 11375 11375 11375 11375 11375 11375 11375 11375 11375 11808 11808 11808 11808 11808 11808 11604 11604 11808 11604 11808 11808 11808 11808 11808 11604 11604 11804 11804 11804 11808 11808 -9999 -9999 -9999 -9999 -9999 -9999 -9999 -9999 -9999 -9999 -9999 -9999 -9999 -9999 -9999 -9999 -9999 -9999 -9999 -9999 -9999 
-9999 -9999 -9999 -9999 -9999 -9999 -9999 -9999 -9999 -9999 -9999 -9999 11605 11605 11805 11805 11604 11604 11604 11808 11808 11808 11808 11808 11808 11808 11808 11604 11808 11808 11808 11808 11808 11808 11808 11808 11808 11808 11808 11604 11604 11808 11808 11808 11808 11808 11808 11808 11808 11808 11814 11805 11805 11805 11805 11805 11805 11805 11805 11805 11389 11389 11389 11805 11375 11375 11375 11375 11375 11375 11375 11375 11375 11375 11375 11375 11808 11808 11808 11808 11808 11808 11808 11808 11604 11604 11604 11808 11808 11808 11808 11808 11604 11804 11804 11804 11804 11808 11808 -9999 -9999 -9999 -9999 -9999 -9999 -9999 -9999 -9999 -9999 -9999 -9999 -9999 -9999 -9999 -9999 -9999 -9999 -9999 -9999 -9999 
-9999 -9999 -9999 -9999 -9999 -9999 -9999 -9999 -9999 -9999 -9999 -9999 11605 11605 11805 11605 11805 11604 11604 11808 11808 11808 11808 11808 11808 11808 11808 11808 11808 11808 11808 11808 11808 11808 11808 11808 11808 11808 11808 11604 11604 11808 11808 11604 11808 11808 11808 11808 11808 11808 11808 11805 11805 11805 11805 11805 11805 11805 11805 11389 11389 11389 11389 11389 11375 11375 11375 11375 11375 11375 11375 11375 11808 11808 11808 11808 11808 11808 11808 11808 11808 11808 11808 11808 11808 11604 11808 11808 11808 11808 11808 11804 11804 11604 11804 11804 11804 11808 11808 -9999 -9999 -9999 -9999 -9999 -9999 -9999 -9999 -9999 -9999 -9999 -9999 -9999 -9999 -9999 -9999 -9999 -9999 -9999 -9999 -9999 
-9999 -9999 -9999 -9999 -9999 -9999 -9999 -9999 -9999 -9999 -9999 11605 11605 11605 11805 11605 11805 11604 11604 11808 11808 11808 11808 11808 11808 11808 11808 11808 11808 11808 11808 11808 11808 11808 11808 11808 11808 11808 11808 11604 11604 11808 11808 11604 11808 11808 11808 11808 11808 11808 11808 11805 11805 11805 11805 11805 11805 11805 11805 11389 11389 11389 11389 11389 11375 11375 11375 11375 11375 11375 11375 11375 11808 11808 11808 11808 11808 11808 11808 11808 11808 11808 11808 11808 11808 11604 11808 11808 11808 11808 11808 11804 11804 11604 11804 11804 11804 11808 11808 11808 -9999 -9999 -9999 -9999 -9999 -9999 -9999 -9999 -9999 -9999 -9999 -9999 -9999 -9999 -9999 -9999 -9999 -9999 -9999 -9999 
-9999 -9999 -9999 -9999 -9999 -9999 -9999 -9999 -9999 -9999 -9999 11808 11605 11605 11805 11605 11605 11805 11604 11808 11808 11808 11605 11808 11808 11808 11808 11808 11605 11605 11605 11808 11808 11605 11808 11808 11808 11808 11808 11808 11604 11604 11808 11604 11604 11808 11808 11808 11808 11808 11808 11805 11805 11805 11805 11805 11805 11805 11805 11808 11389 11389 11389 11389 11375 11375 11375 11375 11375 11375 11375 11808 11808 11808 11808 11808 11808 11663 11808 11808 11808 11808 11808 11808 11808 11808 11808 11808 11808 11808 11808 11804 11804 11604 11604 11804 11804 11814 11814 11814 -9999 -9999 -9999 -9999 -9999 -9999 -9999 -9999 -9999 -9999 -9999 -9999 -9999 -9999 -9999 -9999 -9999 -9999 -9999 -9999 
-9999 -9999 -9999 -9999 -9999 -9999 -9999 -9999 -9999 11808 11808 11808 11605 11605 11605 11605 11605 11805 11605 11808 11605 11605 11605 11808 11808 11808 11808 11808 11808 11808 11605 11605 11808 11605 11808 11605 11805 11805 11808 11808 11808 11604 11808 11808 11604 11604 11808 11808 11808 11808 11808 11808 11808 11805 11805 11805 11805 11805 11805 11808 11808 11389 11389 11389 11808 11808 11375 11808 11808 11808 11808 11808 11808 11808 11808 11808 11808 11663 11808 11808 11808 11808 11808 11808 11808 11808 11808 11808 11808 11808 11808 11804 11804 11804 11804 11804 11804 11814 11814 11839 -9999 -9999 -9999 -9999 -9999 -9999 -9999 -9999 -9999 -9999 -9999 -9999 -9999 -9999 -9999 -9999 -9999 -9999 -9999 -9999 
-9999 -9999 -9999 -9999 -9999 -9999 11817 -9999 -9999 11808 11808 11605 11605 11808 11808 11808 11605 11605 11605 11605 11605 11605 11605 11808 11808 11808 11808 11808 11808 11605 11605 11605 11605 11605 11808 11605 11805 11805 11805 11808 11808 11605 11605 11808 11808 11808 11808 11808 11808 11808 11808 11808 11808 11805 11805 11805 11805 11805 11808 11834 11834 11834 11808 11808 11808 11808 11808 11808 11808 11808 11808 11808 11808 11808 11808 11808 11808 11663 11663 11663 11808 11808 11808 11808 11808 11808 11808 11808 11808 11808 11808 11808 11808 11804 11804 11804 11814 11814 11839 11839 -9999 -9999 -9999 -9999 -9999 -9999 -9999 -9999 -9999 -9999 -9999 -9999 -9999 -9999 -9999 -9999 -9999 -9999 -9999 -9999 
-9999 -9999 -9999 -9999 -9999 11817 11817 11817 11817 11808 11808 11808 11808 11808 11808 11808 11808 11605 11605 11605 11605 11605 11808 11808 11808 11808 11808 11808 11808 11605 11605 11605 11605 11605 11605 11605 11605 11805 11805 11805 11808 11808 11605 11605 11808 11808 11808 11808 11808 11808 11808 11808 11808 11808 11808 11808 11808 11808 11808 11834 11834 11834 11834 11834 11808 11808 11808 11808 11808 11808 11808 11808 11808 11808 11808 11808 11808 11808 11663 11663 11808 11808 11808 11808 11808 11808 11808 11808 11808 11808 11808 11808 11808 11808 11804 11804 11814 11814 11814 -9999 -9999 -9999 -9999 -9999 -9999 -9999 -9999 -9999 -9999 -9999 -9999 -9999 -9999 -9999 -9999 -9999 -9999 -9999 -9999 -9999 
-9999 -9999 -9999 -9999 11817 11817 11817 11817 11817 11817 11808 11808 11604 11604 11604 11604 11808 11808 11605 11605 11605 11605 11808 11808 11808 11808 11808 11808 11808 11808 11808 11605 11605 11805 11805 11605 11605 11805 11805 11805 11805 11805 11805 11605 11808 11808 11808 11808 11808 11808 11808 11808 11808 11808 11808 11808 11808 11808 11808 11834 11834 11834 11834 11808 11808 11808 11808 11604 11604 11604 11808 11808 11808 11808 11808 11808 11808 11808 11808 11808 11808 11604 11604 11808 11808 11604 11604 11808 11808 11808 11808 11808 11808 11808 11808 11804 11814 11814 11814 -9999 -9999 -9999 -9999 -9999 -9999 -9999 -9999 -9999 -9999 -9999 -9999 -9999 -9999 -9999 -9999 -9999 -9999 -9999 -9999 -9999 
-9999 -9999 -9999 11817 11817 11817 11604 11817 11817 11817 11817 11808 11808 11808 11604 11808 11808 11808 11808 11605 11605 11605 11808 11808 11604 11808 11808 11808 11808 11808 11808 11808 11805 11805 11805 11605 11805 11805 11805 11805 11605 11605 11605 11605 11605 11808 11808 11808 11808 11808 11808 11808 11808 11808 11808 11808 11808 11808 11389 11389 11834 11834 11808 11808 11808 11808 11808 11604 11604 11808 11808 11808 11808 11808 11604 11604 11604 11604 11604 11604 11604 11604 11604 11604 11604 11604 11604 11808 11808 11808 11808 11808 11808 11808 11814 11814 11814 11839 11839 -9999 -9999 -9999 -9999 -9999 -9999 -9999 -9999 -9999 -9999 -9999 -9999 -9999 -9999 -9999 -9999 -9999 -9999 -9999 -9999 -9999 
-9999 -9999 -9999 11817 11817 11604 11604 11604 11817 11817 11817 11808 11808 11808 11808 11808 11808 11808 11808 11808 11808 11808 11808 11604 11808 11808 11604 11808 11808 11808 11808 11808 11805 11805 11805 11805 11805 11805 11805 11605 11805 11805 11605 11605 11808 11808 11808 11808 11808 11808 11808 11808 11808 11808 11808 11808 11808 11389 11389 11604 11604 11808 11808 11808 11808 11808 11808 11808 11808 11808 11808 11808 11808 11808 11808 11808 11812 11812 11812 11812 11812 11604 11604 11604 11808 11808 11808 11808 11808 11808 11808 11808 11808 11814 11814 11814 11839 11839 11839 -9999 -9999 -9999 -9999 -9999 -9999 -9999 -9999 -9999 -9999 -9999 -9999 -9999 -9999 -9999 -9999 -9999 -9999 -9999 -9999 -9999 
-9999 -9999 -9999 11817 11817 11817 11604 11604 11604 11604 11817 11808 11808 11808 11808 11808 11808 11808 11808 11808 11808 11808 11604 11604 11808 11808 11604 11604 11808 11808 11604 11805 11805 11805 11805 11805 11805 11805 11805 11805 11805 11605 11605 11605 11605 11808 11808 11808 11808 11808 11808 11808 11808 11808 11389 11389 11389 11389 11604 11604 11808 11808 11808 11379 11808 11808 11808 11808 11808 11808 11808 11808 11808 11808 11808 11808 11812 11812 11812 11812 11604 11604 11604 11808 11808 11808 11808 11808 11808 11808 11808 11808 11814 11814 11839 11839 11839 -9999 -9999 -9999 -9999 -9999 -9999 -9999 -9999 -9999 -9999 -9999 -9999 -9999 -9999 -9999 -9999 -9999 -9999 -9999 -9999 -9999 -9999 -9999 
-9999 -9999 -9999 11817 11817 11817 11808 11808 11808 11604 11808 11808 11808 11808 11808 11808 11604 11604 11604 11604 11604 11604 11604 11604 11808 11808 11604 11604 11808 11604 11604 11805 11805 11805 11805 11805 11805 11805 11805 11805 11805 11604 11808 11808 11808 11808 11808 11808 11808 11808 11808 11808 11808 11814 11389 11389 11389 11389 11604 11808 11808 11808 11379 11379 11379 11808 11808 11808 11808 11604 11604 11808 11604 11604 11808 11808 11812 11812 11812 11812 11604 11808 11808 11834 11834 11834 11834 11808 11808 11808 11808 11814 11814 11839 11839 11839 -9999 -9999 -9999 -9999 -9999 -9999 -9999 -9999 -9999 -9999 -9999 -9999 -9999 -9999 -9999 -9999 -9999 -9999 -9999 -9999 -9999 -9999 -9999 -9999 
-9999 -9999 -9999 -9999 11817 11817 11808 11808 11604 11604 11808 11808 11808 11808 11808 11808 11808 11808 11604 11604 11604 11604 11604 11604 11604 11808 11808 11808 11808 11604 11604 11805 11805 11805 11805 11805 11805 11805 11805 11805 11604 11604 11604 11808 11808 11808 11808 11808 11808 11808 11808 11808 11808 11814 11814 11814 11389 11389 11389 11808 11808 11808 11379 11379 11379 11808 11808 11808 11808 11808 11808 11808 11604 11604 11808 11808 11812 11812 11812 11604 11834 11834 11834 11834 11834 11834 11834 11814 11814 11814 11814 11814 11839 11839 -9999 -9999 -9999 -9999 -9999 -9999 -9999 -9999 -9999 -9999 -9999 -9999 -9999 -9999 -9999 -9999 -9999 -9999 -9999 -9999 -9999 -9999 -9999 -9999 -9999 -9999 
-9999 -9999 -9999 -9999 -9999 11817 11808 11808 11808 11808 11604 11604 11604 11808 11808 11808 11808 11808 11808 11808 11604 11604 11808 11604 11604 11808 11808 11808 11604 11604 11808 11808 11805 11805 11375 11375 11375 11805 11805 11805 11805 11604 11604 11808 11808 11808 11808 11814 11814 11814 11814 11814 11814 11814 11814 11814 11389 11389 11389 11808 11808 11808 11379 11379 11808 11808 11808 11808 11808 11808 11808 11808 11808 11808 11808 11808 11812 11812 11812 11808 11834 11834 11834 11834 11834 -9999 -9999 -9999 11814 11814 11814 11814 11839 -9999 -9999 -9999 -9999 -9999 -9999 -9999 -9999 -9999 -9999 -9999 -9999 -9999 -9999 -9999 -9999 -9999 -9999 -9999 -9999 -9999 -9999 -9999 -9999 -9999 -9999 -9999 
-9999 -9999 -9999 -9999 -9999 11817 11817 11808 11808 11808 11808 11604 11604 11808 11808 11808 11808 11604 11808 11604 11604 11604 11808 11808 11808 11808 11808 11808 11808 11604 11808 11808 11808 11375 11375 11375 11375 11375 11805 11805 11604 11604 11604 11808 11808 11814 11814 11814 11814 11814 11814 11839 11839 11839 11839 11839 11814 11814 11808 11808 11808 11808 11808 11808 11808 11808 11808 11808 11604 11808 11808 11604 11808 11604 11604 11604 11604 11604 11808 11808 11808 -9999 -9999 -9999 -9999 -9999 -9999 -9999 -9999 -9999 -9999 -9999 -9999 -9999 -9999 -9999 -9999 -9999 -9999 -9999 -9999 -9999 -9999 -9999 -9999 -9999 -9999 -9999 -9999 -9999 -9999 -9999 -9999 -9999 -9999 -9999 -9999 -9999 -9999 -9999 
-9999 -9999 -9999 -9999 -9999 -9999 11817 11817 11817 11817 11808 11808 11604 11604 11808 11808 11808 11604 11604 11604 11808 11808 11808 11808 11808 11808 11808 11808 11808 11808 11808 11808 11375 11375 11375 11375 11375 11375 11375 11604 11604 11808 11808 11808 11814 11814 11814 11814 11839 11839 11839 11839 11839 11839 11839 11839 11839 11814 11808 11808 11808 11808 11808 11808 11808 11808 11808 11604 11604 11604 11604 11604 11604 11604 11604 11604 11604 11808 11808 11808 -9999 -9999 -9999 -9999 -9999 -9999 -9999 -9999 -9999 -9999 -9999 -9999 -9999 -9999 -9999 -9999 -9999 -9999 -9999 -9999 -9999 -9999 -9999 -9999 -9999 -9999 -9999 -9999 -9999 -9999 -9999 -9999 -9999 -9999 -9999 -9999 -9999 -9999 -9999 -9999 
-9999 -9999 -9999 -9999 -9999 -9999 11817 11817 11817 11817 11808 11808 11808 11808 11808 11808 11808 11808 11808 11808 11808 11808 11808 11808 11808 11808 11808 11808 11808 11808 11808 11808 11375 11375 11375 11375 11375 11375 11375 11604 11604 11808 11808 11814 11814 11839 11839 11839 11839 11839 11839 11839 11839 11839 11839 11839 11814 11814 11808 11808 11808 11808 11808 11808 11808 11806 11806 11806 11806 11806 11604 11604 11808 11808 11808 11808 11808 11808 11808 11808 -9999 -9999 -9999 -9999 -9999 -9999 -9999 -9999 -9999 -9999 -9999 -9999 -9999 -9999 -9999 -9999 -9999 -9999 -9999 -9999 -9999 -9999 -9999 -9999 -9999 -9999 -9999 -9999 -9999 -9999 -9999 -9999 -9999 -9999 -9999 -9999 -9999 -9999 -9999 -9999 
-9999 -9999 -9999 -9999 -9999 -9999 11817 11817 11808 11808 11808 11604 11808 11808 11808 11808 11604 11604 11604 11604 11808 11808 11808 11808 11808 11808 11808 11808 11808 11808 11808 11808 11375 11375 11375 11375 11375 11375 11375 11604 11604 11814 11814 11839 11839 11839 11839 11453 11453 11453 11453 11839 11839 11839 11839 11814 11814 11808 11808 11808 11808 11808 11808 11808 11808 11806 11806 11806 11806 11806 11806 11806 11808 11808 11808 11808 11808 11808 11808 -9999 -9999 -9999 -9999 -9999 -9999 -9999 -9999 -9999 -9999 -9999 -9999 -9999 -9999 -9999 -9999 -9999 -9999 -9999 -9999 -9999 -9999 -9999 -9999 -9999 -9999 -9999 -9999 -9999 -9999 -9999 -9999 -9999 -9999 -9999 -9999 -9999 -9999 -9999 -9999 -9999 
-9999 -9999 -9999 -9999 11817 11808 11808 11808 11808 11808 11808 11604 11808 11808 11808 11808 11604 11604 11808 11604 11808 11808 11808 11808 11808 11808 11808 11808 11808 11808 11808 11808 11375 11375 11375 11604 11604 11604 11375 11375 11814 11814 11814 11839 11839 11839 11453 11453 11839 11839 11839 11839 11839 11839 11814 11814 11808 11808 11808 11808 11808 11808 11808 11808 11808 11806 11806 11806 11806 11806 11806 11806 11806 11808 11808 11808 -9999 -9999 -9999 -9999 -9999 -9999 -9999 -9999 -9999 -9999 -9999 -9999 -9999 -9999 -9999 -9999 -9999 -9999 -9999 -9999 -9999 -9999 -9999 -9999 -9999 -9999 -9999 -9999 -9999 -9999 -9999 -9999 -9999 -9999 -9999 -9999 -9999 -9999 -9999 -9999 -9999 -9999 -9999 -9999 
-9999 -9999 -9999 11814 11604 11808 11808 11808 11808 11808 11808 11604 11808 11808 11808 11808 11808 11808 11808 11808 11808 11808 11808 11808 11808 11808 11808 11808 11808 11808 11808 11375 11375 11375 11375 11375 11375 11604 11604 11375 11814 11814 11839 11839 11839 11839 11453 11839 11839 11839 11839 11839 11839 11814 11814 11808 11808 11645 11645 11645 11645 11808 11808 11808 11375 11806 11806 11806 11806 11806 11806 11806 11806 -9999 -9999 -9999 -9999 -9999 -9999 -9999 -9999 -9999 -9999 -9999 -9999 -9999 -9999 -9999 -9999 -9999 -9999 -9999 -9999 -9999 -9999 -9999 -9999 -9999 -9999 -9999 -9999 -9999 -9999 -9999 -9999 -9999 -9999 -9999 -9999 -9999 -9999 -9999 -9999 -9999 -9999 -9999 -9999 -9999 -9999 -9999 
-9999 -9999 -9999 11604 11604 11604 11604 11604 11604 11604 11604 11808 11808 11808 11808 11604 11808 11808 11808 11808 11808 11808 11808 11808 11808 11808 11808 11808 11808 11808 11808 11375 11375 11375 11375 11375 11604 11604 11604 11604 11814 11814 11839 11839 11839 11839 11839 11839 11814 11814 11814 11814 11814 11808 11808 11808 11808 11808 11808 11808 11645 11808 11808 11375 11375 11806 11806 11806 11806 11806 11806 11806 11806 11806 -9999 -9999 -9999 -9999 -9999 -9999 -9999 -9999 -9999 -9999 -9999 -9999 -9999 -9999 -9999 -9999 -9999 -9999 -9999 -9999 -9999 -9999 -9999 -9999 -9999 -9999 -9999 -9999 -9999 -9999 -9999 -9999 -9999 -9999 -9999 -9999 -9999 -9999 -9999 -9999 -9999 -9999 -9999 -9999 -9999 -9999 
11814 11604 11604 11604 11814 11604 11808 11604 11604 11604 11808 11808 11808 11808 11808 11604 11808 11808 11808 11604 11808 11808 11808 11808 11808 11808 11808 11604 11604 11808 11375 11375 11375 11375 11375 11375 11604 11808 11808 11808 11814 11814 11839 11839 11839 11839 11839 11814 11814 11808 11808 11808 11808 11808 11808 11808 11808 11808 11808 11808 11645 11645 11375 11375 11375 11375 11806 11806 11806 11806 11806 11806 11806 11806 11806 11806 -9999 -9999 -9999 -9999 -9999 -9999 -9999 -9999 -9999 -9999 -9999 -9999 -9999 -9999 -9999 -9999 -9999 -9999 -9999 -9999 -9999 -9999 -9999 -9999 -9999 -9999 -9999 -9999 -9999 -9999 -9999 -9999 -9999 -9999 -9999 -9999 -9999 -9999 -9999 -9999 -9999 -9999 -9999 -9999 
11814 11814 11814 11814 11814 11604 11808 11808 11808 11604 11604 11808 11808 11808 11604 11604 11808 11808 11604 11604 11808 11808 11808 11808 11808 11808 11808 11808 11604 11604 11604 11375 11375 11375 11375 11375 11604 11808 11808 11808 11814 11814 11839 11839 11839 11839 11814 11814 11808 11808 11808 11808 11808 11808 11808 11808 11808 11834 11808 11808 11645 11834 11834 11834 11375 11375 11806 11806 11806 11806 11806 11806 11806 11806 11806 11806 -9999 -9999 -9999 -9999 -9999 -9999 -9999 -9999 -9999 -9999 -9999 -9999 -9999 -9999 -9999 -9999 -9999 -9999 -9999 -9999 -9999 -9999 -9999 -9999 -9999 -9999 -9999 -9999 -9999 -9999 -9999 -9999 -9999 -9999 -9999 -9999 -9999 -9999 -9999 -9999 -9999 -9999 -9999 -9999 
11814 11814 11814 11814 11814 11814 11808 11808 11808 11808 11808 11808 11808 11808 11808 11604 11808 11808 11604 11808 11808 11808 11604 11808 11808 11808 11808 11808 11808 11604 11604 11375 11375 11375 11604 11604 11808 11808 11808 11808 11814 11814 11839 11839 11839 11814 11814 11808 11808 11808 11808 11808 11808 11808 11808 11389 11389 11834 11834 11834 11834 11834 11834 11834 11375 11375 11806 11806 11806 11806 11806 11806 11806 11806 11806 11806 -9999 -9999 -9999 -9999 -9999 -9999 -9999 -9999 -9999 -9999 -9999 -9999 -9999 -9999 -9999 -9999 -9999 -9999 -9999 -9999 -9999 -9999 -9999 -9999 -9999 -9999 -9999 -9999 -9999 -9999 -9999 -9999 -9999 -9999 -9999 -9999 -9999 -9999 -9999 -9999 -9999 -9999 -9999 -9999 
-9999 11814 11814 11814 11814 11814 11814 11808 11808 11808 11814 11814 11808 11808 11604 11808 11808 11604 11604 11808 11604 11604 11604 11808 11808 11808 11808 11808 11604 11604 11604 11375 11375 11375 11604 11604 11808 11808 11808 11808 11808 11814 11839 11814 11814 11808 11808 11808 11808 11808 11808 11808 11808 11389 11389 11389 11389 11389 11834 11834 11834 11834 11834 11834 11375 11375 11375 11375 11806 11806 11806 11806 11806 11806 11806 11806 -9999 -9999 -9999 -9999 -9999 -9999 -9999 -9999 -9999 -9999 -9999 -9999 -9999 -9999 -9999 -9999 -9999 -9999 -9999 -9999 -9999 -9999 -9999 -9999 -9999 -9999 -9999 -9999 -9999 -9999 -9999 -9999 -9999 -9999 -9999 -9999 -9999 -9999 -9999 -9999 -9999 -9999 -9999 -9999 
-9999 11814 11814 11814 -9999 11814 11814 11808 11808 11814 11814 11814 11814 11814 11814 11814 11808 11808 11604 11604 11604 11604 11808 11808 11808 11604 11808 11604 11604 11375 11375 11375 11805 11805 11604 11604 11604 11808 11808 11808 11808 11814 11814 11814 11808 11808 11808 11808 11814 11814 11814 11814 11814 11389 11389 11389 11389 11389 11834 11834 11834 11834 11834 11834 11375 11375 11375 11375 11375 11375 11806 11806 11806 11806 11806 11806 11806 11806 -9999 -9999 -9999 -9999 -9999 -9999 -9999 -9999 -9999 -9999 -9999 -9999 -9999 -9999 -9999 -9999 -9999 -9999 -9999 -9999 -9999 -9999 -9999 -9999 -9999 -9999 -9999 -9999 -9999 -9999 -9999 -9999 -9999 -9999 -9999 -9999 -9999 -9999 -9999 -9999 -9999 -9999 
-9999 -9999 -9999 -9999 -9999 11814 11814 11814 11814 11814 11814 11604 11814 11814 11814 11814 11604 11604 11604 11805 11805 11805 11805 11604 11604 11604 11808 11604 11604 11375 11375 11375 11805 11805 11604 11604 11604 11808 11808 11808 11808 11814 11814 11814 11808 11808 11808 11814 11814 11814 11814 11814 11814 11389 11389 11389 11389 11389 11834 11834 11834 11834 11834 11834 11375 11375 11375 11375 11375 11375 11806 11806 11806 11806 11806 11806 11806 11806 11808 -9999 -9999 -9999 -9999 -9999 -9999 -9999 -9999 -9999 -9999 -9999 -9999 -9999 -9999 -9999 -9999 -9999 -9999 -9999 -9999 -9999 -9999 -9999 -9999 -9999 -9999 -9999 -9999 -9999 -9999 -9999 -9999 -9999 -9999 -9999 -9999 -9999 -9999 -9999 -9999 -9999 
-9999 -9999 -9999 -9999 -9999 -9999 11604 11604 -9999 -9999 -9999 11604 11604 11814 11814 11814 11814 11805 11805 11805 11805 11805 11805 11805 11805 11375 11375 11604 11604 11375 11375 11805 11805 11604 11604 11808 11808 11808 11808 11808 11808 11808 11814 11814 11808 11808 11808 11814 11814 11839 11839 11814 11814 11814 11389 11389 11389 11389 11389 11389 11834 11834 11834 11834 11375 11375 11375 11375 11375 11375 11806 11806 11806 11806 11806 11806 11806 11806 11808 -9999 -9999 -9999 -9999 -9999 -9999 -9999 -9999 -9999 -9999 -9999 -9999 -9999 -9999 -9999 -9999 -9999 -9999 -9999 -9999 -9999 -9999 -9999 -9999 -9999 -9999 -9999 -9999 -9999 -9999 -9999 -9999 -9999 -9999 -9999 -9999 -9999 -9999 -9999 -9999 -9999 
-9999 -9999 -9999 -9999 -9999 -9999 -9999 -9999 -9999 -9999 11814 11814 11814 11814 11805 11805 11805 11805 11805 11805 11805 11805 11805 11805 11805 11375 11375 11604 11375 11375 11375 11805 11805 11604 11604 11604 11604 11604 11604 11604 11808 11808 11814 11814 11814 11808 11814 11814 11814 11814 11839 11814 11814 11814 11389 11389 11389 11389 11389 11389 11389 11834 11834 11834 11834 11375 11375 11375 11375 11375 11806 11806 11806 11806 11806 11806 11806 11806 11808 -9999 -9999 -9999 -9999 -9999 -9999 -9999 -9999 -9999 -9999 -9999 -9999 -9999 -9999 -9999 -9999 -9999 -9999 -9999 -9999 -9999 -9999 -9999 -9999 -9999 -9999 -9999 -9999 -9999 -9999 -9999 -9999 -9999 -9999 -9999 -9999 -9999 -9999 -9999 -9999 -9999 
-9999 -9999 -9999 -9999 -9999 -9999 -9999 11814 11814 11814 11805 11805 11805 11805 11805 11805 11805 11805 11805 11805 11805 11805 11604 11604 11805 11805 11375 11604 11604 11375 11805 11805 11805 11604 11604 11808 11808 11808 11808 11604 11604 11808 11808 11814 11814 11814 11814 11814 11814 11814 11814 11839 11839 11814 11814 11814 11814 11814 11814 11814 11389 11389 11834 11834 11834 11375 11375 11375 11375 11375 11806 11806 11806 11806 11806 11806 11806 11806 11805 -9999 -9999 -9999 -9999 -9999 -9999 -9999 -9999 -9999 -9999 -9999 -9999 -9999 -9999 -9999 -9999 -9999 -9999 -9999 -9999 -9999 -9999 -9999 -9999 -9999 -9999 -9999 -9999 -9999 -9999 -9999 -9999 -9999 -9999 -9999 -9999 -9999 -9999 -9999 -9999 -9999 
-9999 -9999 -9999 -9999 -9999 -9999 -9999 11604 11814 11805 11805 11805 11805 11805 11805 11805 11805 11805 11805 11805 11604 11604 11604 11805 11805 11805 11375 11604 11375 11805 11805 11805 11805 11604 11808 11808 11808 11808 11808 11604 11808 11808 11808 11808 11814 11814 11814 11814 11814 11814 11814 11814 11814 11839 11839 11839 11839 11839 11814 11839 11839 11389 11834 11834 11834 11645 11645 11375 11806 11806 11806 11806 11806 11806 11806 11806 11806 11805 11805 -9999 -9999 -9999 -9999 -9999 -9999 -9999 -9999 -9999 -9999 -9999 -9999 -9999 -9999 -9999 -9999 -9999 -9999 -9999 -9999 -9999 -9999 -9999 -9999 -9999 -9999 -9999 -9999 -9999 -9999 -9999 -9999 -9999 -9999 -9999 -9999 -9999 -9999 -9999 -9999 -9999 
-9999 -9999 -9999 -9999 -9999 -9999 -9999 11604 11805 11805 11805 11805 11805 11805 11805 11805 11805 11805 11805 11805 11604 11604 11604 11805 11805 11805 11375 11375 11805 11805 11805 11604 11604 11808 11808 11808 11808 11814 11814 11814 11814 11808 11808 11808 11805 11805 11805 11814 11814 11814 11805 11805 11805 11814 11814 11839 11839 11839 11839 11839 11839 11814 11645 11645 11645 11645 11806 11806 11806 11806 11806 11806 11806 11806 11806 11806 11806 11805 11805 -9999 -9999 -9999 -9999 -9999 -9999 -9999 -9999 -9999 -9999 -9999 -9999 -9999 -9999 -9999 -9999 -9999 -9999 -9999 -9999 -9999 -9999 -9999 -9999 -9999 -9999 -9999 -9999 -9999 -9999 -9999 -9999 -9999 -9999 -9999 -9999 -9999 -9999 -9999 -9999 -9999 
-9999 -9999 -9999 -9999 -9999 -9999 11814 11604 11805 11805 11805 11805 11805 11805 11805 11805 11805 11805 11805 11805 11604 11604 11604 11805 11805 11805 11375 11375 11805 11805 11805 11604 11604 11808 11808 11808 11808 11814 11814 11814 11814 11808 11808 11808 11805 11805 11805 11814 11814 11814 11805 11805 11805 11814 11814 11839 11839 11839 11839 11839 11839 11814 11645 11645 11645 11645 11806 11806 11806 11806 11806 11806 11806 11806 11806 11806 11806 -9999 -9999 -9999 -9999 -9999 -9999 -9999 -9999 -9999 -9999 -9999 -9999 -9999 -9999 -9999 -9999 -9999 -9999 -9999 -9999 -9999 -9999 -9999 -9999 -9999 -9999 -9999 -9999 -9999 -9999 -9999 -9999 -9999 -9999 -9999 -9999 -9999 -9999 -9999 -9999 -9999 -9999 -9999 
-9999 -9999 -9999 -9999 -9999 -9999 11814 11805 11805 11805 11805 11805 11805 11805 11805 11805 11805 11805 11805 11805 11805 11805 11604 11805 11805 11805 11805 11805 11805 11604 11604 11604 11808 11808 -9999 11808 11808 11808 11814 11814 11814 11814 11814 11805 11805 11805 11814 11814 11814 11814 11814 11805 11805 11814 11814 11814 11814 11814 11839 11839 11839 11814 11805 11805 11805 11645 11645 11806 11806 11806 11806 11806 11806 11806 11806 11805 11805 -9999 -9999 -9999 -9999 -9999 -9999 -9999 -9999 -9999 -9999 -9999 -9999 -9999 -9999 -9999 -9999 -9999 -9999 -9999 -9999 -9999 -9999 -9999 -9999 -9999 -9999 -9999 -9999 -9999 -9999 -9999 -9999 -9999 -9999 -9999 -9999 -9999 -9999 -9999 -9999 -9999 -9999 -9999 
-9999 -9999 -9999 -9999 -9999 -9999 11805 11805 11604 11604 11805 11805 11805 11805 11805 11604 11805 11805 11805 11805 11805 11805 11604 11604 11805 11805 11805 11805 11805 11805 11805 11604 11808 11808 -9999 -9999 11808 11808 -9999 11814 11805 11805 11805 11805 11805 11814 11814 11814 11814 11814 11814 11805 11805 11805 11805 11814 11814 11814 11814 11814 11814 11814 11805 11805 11645 11645 11645 11806 11806 11806 11806 11806 11806 11806 11805 11805 -9999 -9999 -9999 -9999 -9999 -9999 -9999 -9999 -9999 -9999 -9999 -9999 -9999 -9999 -9999 -9999 -9999 -9999 -9999 -9999 -9999 -9999 -9999 -9999 -9999 -9999 -9999 -9999 -9999 -9999 -9999 -9999 -9999 -9999 -9999 -9999 -9999 -9999 -9999 -9999 -9999 -9999 -9999 -9999 
-9999 -9999 -9999 -9999 -9999 -9999 11805 11805 11805 11604 11604 11805 11805 11805 11604 11604 11604 11604 11604 11805 11805 11805 11805 11805 11805 11805 11805 11805 11805 11805 11604 11604 11805 -9999 -9999 -9999 -9999 -9999 -9999 11814 11805 11805 11805 11805 11814 11814 11814 11814 11805 11805 11805 11805 11805 11805 11805 11805 11805 11805 11805 11805 11805 11805 11805 11805 11645 11805 11806 11806 11806 11806 11806 11806 11805 11805 11805 11805 -9999 -9999 -9999 -9999 -9999 -9999 -9999 -9999 -9999 -9999 -9999 -9999 -9999 -9999 -9999 -9999 -9999 -9999 -9999 -9999 -9999 -9999 -9999 -9999 -9999 -9999 -9999 -9999 -9999 -9999 -9999 -9999 -9999 -9999 -9999 -9999 -9999 -9999 -9999 -9999 -9999 -9999 -9999 -9999 
-9999 -9999 -9999 -9999 -9999 -9999 11604 11604 11805 11805 11805 11604 11805 11805 11805 11604 11805 11805 11604 11805 11805 11805 11805 11805 11805 11805 11805 11805 11805 11805 11604 11805 11805 -9999 -9999 -9999 -9999 -9999 11814 11805 11805 11805 11805 11805 11805 11814 11814 11814 11805 11805 11805 11805 11805 11805 11805 11805 11805 11805 11805 11805 11805 11805 11805 11805 11805 11805 11805 11806 11806 11806 11805 11805 11805 11805 11805 11805 11805 -9999 -9999 -9999 -9999 -9999 -9999 -9999 -9999 -9999 -9999 -9999 -9999 -9999 -9999 -9999 -9999 -9999 -9999 -9999 -9999 -9999 -9999 -9999 -9999 -9999 -9999 -9999 -9999 -9999 -9999 -9999 -9999 -9999 -9999 -9999 -9999 -9999 -9999 -9999 -9999 -9999 -9999 -9999 
-9999 -9999 -9999 -9999 -9999 -9999 11805 11604 11604 11805 11604 11604 11805 11805 11805 11805 11805 11805 11805 11805 11805 11805 11805 11604 11805 11805 11805 11805 11805 11805 11604 -9999 -9999 -9999 -9999 -9999 -9999 -9999 11814 11805 11805 11805 11805 11805 11805 11805 11814 11814 11805 11805 11604 11805 11805 11805 11805 11805 11805 11805 11805 11805 11805 11805 11805 11805 11805 11805 11805 11805 11805 11805 11805 11805 11805 11805 11805 11805 11805 11805 -9999 -9999 -9999 -9999 -9999 -9999 -9999 -9999 -9999 -9999 -9999 -9999 -9999 -9999 -9999 -9999 -9999 -9999 -9999 -9999 -9999 -9999 -9999 -9999 -9999 -9999 -9999 -9999 -9999 -9999 -9999 -9999 -9999 -9999 -9999 -9999 -9999 -9999 -9999 -9999 -9999 -9999 
-9999 -9999 -9999 -9999 -9999 11815 11805 11604 11604 11805 11805 11805 11805 11805 11805 11805 11805 11604 11805 11805 11805 11805 11604 11604 11805 11805 11805 11805 11814 11805 -9999 -9999 -9999 -9999 -9999 -9999 -9999 -9999 11814 11805 11805 11814 11814 11805 11805 11805 11805 11805 11805 11805 11604 11604 11604 11805 11805 11805 11805 11805 11604 11805 11805 11805 11805 11805 11805 11805 11805 11805 11805 11805 11805 11805 11805 11805 11805 11805 11805 11805 -9999 -9999 -9999 -9999 -9999 -9999 -9999 -9999 -9999 -9999 -9999 -9999 -9999 -9999 -9999 -9999 -9999 -9999 -9999 -9999 -9999 -9999 -9999 -9999 -9999 -9999 -9999 -9999 -9999 -9999 -9999 -9999 -9999 -9999 -9999 -9999 -9999 -9999 -9999 -9999 -9999 -9999 
-9999 -9999 -9999 -9999 11840 11815 11815 11805 11805 11805 11805 11805 11805 11805 11604 11604 11604 11604 11604 11604 11604 11604 11604 11604 11805 11805 11805 11814 -9999 -9999 -9999 -9999 -9999 -9999 -9999 -9999 -9999 -9999 11814 11814 11814 11814 11814 11814 11814 11805 11805 11805 11805 11805 11805 11604 11604 11805 11805 11604 11604 11604 11604 11805 11805 11805 11805 11805 11805 11805 11805 11805 11805 11805 11805 11805 11805 11805 11805 11805 11805 11805 11805 11805 -9999 -9999 -9999 -9999 -9999 -9999 -9999 -9999 -9999 -9999 -9999 -9999 -9999 -9999 -9999 -9999 -9999 -9999 -9999 -9999 -9999 -9999 -9999 -9999 -9999 -9999 -9999 -9999 -9999 -9999 -9999 -9999 -9999 -9999 -9999 -9999 -9999 -9999 -9999 -9999 
-9999 -9999 11840 11840 11851 11851 11815 11815 11805 11805 11805 11604 11604 11604 11604 11604 11604 11604 11805 11805 11604 11604 11805 11805 11805 11805 -9999 -9999 -9999 -9999 -9999 -9999 -9999 -9999 -9999 -9999 -9999 -9999 11814 11814 11814 11814 11814 11814 11814 11805 11805 11805 11805 11805 11805 11604 11604 11805 11805 11805 11604 11604 11805 11805 11805 11805 11805 11805 11805 11805 11805 11805 11805 11805 11805 11805 11805 11805 11805 11805 11805 11805 11805 11805 -9999 -9999 -9999 -9999 -9999 -9999 -9999 -9999 -9999 -9999 -9999 -9999 -9999 -9999 -9999 -9999 -9999 -9999 -9999 -9999 -9999 -9999 -9999 -9999 -9999 -9999 -9999 -9999 -9999 -9999 -9999 -9999 -9999 -9999 -9999 -9999 -9999 -9999 -9999 -9999 
-9999 -9999 -9999 11840 11851 11851 11851 11815 11815 11805 11805 11805 11805 11805 11805 11805 11604 11604 11805 11604 11604 11604 11375 11805 11805 11814 -9999 -9999 -9999 -9999 -9999 -9999 -9999 -9999 -9999 -9999 -9999 -9999 -9999 -9999 -9999 11814 11814 11814 11814 11805 11805 11805 11604 11604 11805 11604 11604 11805 11805 11805 11805 11805 11805 11805 11805 11805 11805 11805 11805 11805 11805 11805 11805 11805 11805 11805 11805 11805 11805 11805 11805 11808 11808 11808 -9999 -9999 -9999 -9999 -9999 -9999 -9999 -9999 -9999 -9999 -9999 -9999 -9999 -9999 -9999 -9999 -9999 -9999 -9999 -9999 -9999 -9999 -9999 -9999 -9999 -9999 -9999 -9999 -9999 -9999 -9999 -9999 -9999 -9999 -9999 -9999 -9999 -9999 -9999 -9999 
-9999 -9999 -9999 -9999 -9999 11851 11851 11851 11815 11815 11815 11815 11815 11805 11805 11805 11805 11805 11375 11375 11375 11375 11375 11805 11805 11814 -9999 -9999 -9999 -9999 -9999 -9999 -9999 -9999 -9999 -9999 -9999 -9999 -9999 -9999 -9999 11814 11814 11814 11805 11805 11805 11604 11604 11805 11805 11805 11805 11805 11805 11805 11805 11805 11805 11805 11805 11805 11805 11805 11805 11805 11805 11808 11808 11805 11604 11604 11805 11805 11805 11805 11808 11808 11808 11808 11808 11814 -9999 -9999 -9999 -9999 -9999 -9999 -9999 -9999 -9999 -9999 -9999 -9999 -9999 -9999 -9999 -9999 -9999 -9999 -9999 -9999 -9999 -9999 -9999 -9999 -9999 -9999 -9999 -9999 -9999 -9999 -9999 -9999 -9999 -9999 -9999 -9999 -9999 -9999 
-9999 -9999 -9999 -9999 -9999 -9999 -9999 11851 11851 11851 11851 11815 11815 11805 11805 11805 11805 11805 11375 11375 11375 11375 11805 11805 -9999 -9999 -9999 -9999 -9999 -9999 -9999 -9999 -9999 -9999 -9999 -9999 -9999 -9999 -9999 -9999 -9999 -9999 11814 11805 11805 11805 11805 11604 11604 11805 11805 11805 11805 11805 11805 11805 11805 11805 11805 11805 11805 11805 11805 11805 11808 11808 11808 11808 11808 11808 11808 11604 11604 11604 11805 11805 11808 11604 11808 11808 11814 11814 11814 -9999 -9999 -9999 -9999 -9999 -9999 -9999 -9999 -9999 -9999 -9999 -9999 -9999 -9999 -9999 -9999 -9999 -9999 -9999 -9999 -9999 -9999 -9999 -9999 -9999 -9999 -9999 -9999 -9999 -9999 -9999 -9999 -9999 -9999 -9999 -9999 -9999 
-9999 -9999 -9999 -9999 -9999 -9999 -9999 -9999 11851 11851 11851 11815 11805 11805 11805 11805 11375 11375 11375 11604 11805 11805 11805 -9999 -9999 -9999 -9999 -9999 -9999 -9999 -9999 -9999 -9999 -9999 -9999 -9999 -9999 -9999 -9999 -9999 -9999 -9999 11805 11805 11805 11805 11805 11805 11805 11805 11805 11805 11805 11805 11805 11805 11805 11805 11805 11805 11805 11805 11808 11808 11808 11808 11808 11808 11808 11808 11808 11808 11808 11604 11604 11604 11604 11808 11808 11814 11814 11814 11814 11814 11814 11814 11814 -9999 -9999 -9999 -9999 -9999 -9999 -9999 -9999 -9999 -9999 -9999 -9999 -9999 -9999 -9999 -9999 -9999 -9999 -9999 -9999 -9999 -9999 -9999 -9999 -9999 -9999 -9999 -9999 -9999 -9999 -9999 -9999 -9999 
-9999 -9999 -9999 -9999 -9999 -9999 -9999 -9999 -9999 11851 11815 11815 11805 11805 11805 11805 11805 11375 11805 11604 11805 11805 11805 -9999 -9999 -9999 -9999 -9999 -9999 -9999 -9999 -9999 -9999 -9999 -9999 -9999 -9999 -9999 -9999 -9999 -9999 -9999 11805 11805 11805 11805 11805 11805 11805 11805 11805 11805 11805 11805 11805 11805 11805 11805 11805 11805 11805 11808 11808 11808 11808 11808 11808 11808 11808 11808 11808 11808 11808 11808 11604 11604 11808 11808 11808 11808 11808 11808 11808 11808 11808 11808 11814 11814 11814 11851 11851 -9999 -9999 -9999 -9999 -9999 -9999 -9999 -9999 -9999 -9999 -9999 -9999 -9999 -9999 -9999 -9999 -9999 -9999 -9999 -9999 -9999 -9999 -9999 -9999 -9999 -9999 -9999 -9999 -9999 
-9999 -9999 -9999 -9999 -9999 -9999 -9999 -9999 -9999 -9999 11815 11805 11805 11805 11805 11805 11805 11805 11805 11604 11805 11805 11805 -9999 -9999 -9999 -9999 -9999 -9999 -9999 -9999 -9999 -9999 -9999 -9999 -9999 -9999 -9999 -9999 -9999 -9999 -9999 11805 11805 11805 11805 11805 11805 11805 11805 11805 11805 11805 11805 11805 11805 11805 11805 11805 11808 11808 11808 11808 11808 11808 11808 11808 11808 11604 11808 11808 11808 11808 11808 11808 11604 11604 11808 11808 11808 11808 11808 11808 11808 11808 11808 11808 11814 11814 11814 11814 11851 -9999 -9999 -9999 -9999 -9999 -9999 -9999 -9999 -9999 -9999 -9999 -9999 -9999 -9999 -9999 -9999 -9999 -9999 -9999 -9999 -9999 -9999 -9999 -9999 -9999 -9999 -9999 -9999 
-9999 -9999 -9999 -9999 -9999 -9999 -9999 -9999 -9999 11815 11815 11375 11375 11375 11805 11375 11805 11805 11604 11604 11805 11805 11805 -9999 -9999 -9999 -9999 -9999 -9999 -9999 -9999 -9999 -9999 -9999 -9999 -9999 -9999 -9999 -9999 -9999 -9999 -9999 11604 11805 11805 11805 11805 11805 11805 11805 11805 11805 11805 11805 11805 11805 11805 11808 11808 11808 11808 11808 11808 11808 11808 11808 11808 11604 11604 11808 11808 11808 11808 11808 11808 11604 11808 11604 11808 11808 11604 11808 11808 11808 11808 11808 11808 11808 11808 11808 11814 11814 11851 -9999 -9999 -9999 -9999 -9999 -9999 -9999 -9999 -9999 -9999 -9999 -9999 -9999 -9999 -9999 -9999 -9999 -9999 -9999 -9999 -9999 -9999 -9999 -9999 -9999 -9999 -9999 
-9999 -9999 -9999 -9999 -9999 -9999 -9999 -9999 -9999 11375 11375 11375 11375 11375 11375 11375 11805 11805 11604 11805 11805 11805 -9999 -9999 -9999 -9999 -9999 -9999 -9999 -9999 -9999 -9999 -9999 -9999 -9999 -9999 -9999 -9999 -9999 -9999 -9999 -9999 11604 11604 11805 11805 11805 11805 11805 11805 11808 11808 11808 11808 11808 11808 11808 11808 11808 11808 11808 11808 11808 11808 11808 11808 11808 11604 11604 11808 11808 11808 11808 11808 11808 11604 11808 11808 11604 11604 11808 11808 11808 11808 11808 11808 11604 11604 11604 11604 11808 11814 11814 -9999 -9999 -9999 -9999 -9999 -9999 -9999 -9999 -9999 -9999 -9999 -9999 -9999 -9999 -9999 -9999 -9999 -9999 -9999 -9999 -9999 -9999 -9999 -9999 -9999 -9999 -9999 
-9999 -9999 -9999 -9999 -9999 -9999 -9999 -9999 -9999 11375 11375 11375 11815 11375 11375 11375 11805 11604 11604 11805 11805 11805 -9999 -9999 -9999 -9999 -9999 -9999 -9999 -9999 -9999 -9999 -9999 -9999 -9999 -9999 -9999 -9999 -9999 -9999 -9999 -9999 11805 11604 11805 11805 11805 11805 11808 11808 11808 11808 11808 11808 11808 11808 11808 11808 11808 11808 11808 11808 11808 11808 11808 11808 11808 11604 11808 11808 11808 11808 11808 11808 11808 11808 11808 11808 11604 11604 11604 11808 11808 11808 11808 11604 11604 11604 11604 11808 11808 11808 11814 11814 -9999 -9999 -9999 -9999 -9999 -9999 -9999 -9999 -9999 -9999 -9999 -9999 -9999 -9999 -9999 -9999 -9999 -9999 -9999 -9999 -9999 -9999 -9999 -9999 -9999 -9999 
-9999 -9999 -9999 -9999 -9999 -9999 -9999 -9999 -9999 -9999 11815 11815 11815 11815 11815 11805 11805 11604 11805 11805 11805 -9999 -9999 -9999 -9999 -9999 -9999 -9999 -9999 -9999 -9999 -9999 -9999 -9999 -9999 -9999 -9999 -9999 -9999 -9999 -9999 -9999 -9999 11805 11805 11805 11808 11808 11808 11808 11808 11808 11808 11808 11808 11808 11808 11808 11808 11808 11808 11808 11808 11808 11808 11808 11808 11604 11604 11808 11808 11808 11808 11808 11808 11808 11808 11808 11604 11604 11808 11808 11808 11808 11808 11808 11808 11808 11808 11808 11834 11808 11808 11808 -9999 -9999 -9999 -9999 -9999 -9999 -9999 -9999 -9999 -9999 -9999 -9999 -9999 -9999 -9999 -9999 -9999 -9999 -9999 -9999 -9999 -9999 -9999 -9999 -9999 -9999 
-9999 -9999 -9999 -9999 -9999 -9999 -9999 -9999 -9999 -9999 -9999 -9999 -9999 -9999 11815 11815 11805 11805 11805 11805 11805 -9999 -9999 -9999 -9999 -9999 -9999 -9999 -9999 -9999 -9999 -9999 -9999 -9999 -9999 -9999 -9999 -9999 -9999 -9999 -9999 -9999 -9999 -9999 -9999 -9999 -9999 11808 11808 11808 11808 11808 11808 11808 11808 11808 11808 11808 11808 11808 11808 11808 11808 11808 11808 11808 11604 11604 11808 11808 11808 11808 11808 11808 11808 11808 11808 11808 11808 11604 11808 11604 11604 11808 11808 11808 11808 11808 11834 11834 11834 11808 11805 11805 -9999 -9999 -9999 -9999 -9999 -9999 -9999 -9999 -9999 -9999 -9999 -9999 -9999 -9999 -9999 -9999 -9999 -9999 -9999 -9999 -9999 -9999 -9999 -9999 -9999 -9999 
-9999 -9999 -9999 -9999 -9999 -9999 -9999 -9999 -9999 -9999 -9999 -9999 -9999 -9999 11815 11805 11604 -9999 11805 -9999 -9999 -9999 -9999 -9999 -9999 -9999 -9999 -9999 -9999 -9999 -9999 -9999 -9999 -9999 -9999 -9999 -9999 -9999 -9999 -9999 -9999 -9999 -9999 -9999 -9999 -9999 -9999 -9999 -9999 11808 11808 11808 -9999 -9999 -9999 -9999 -9999 -9999 -9999 11808 11808 11808 11808 11808 11808 11808 11604 11604 11808 11808 11808 11808 11808 11808 11808 11808 11808 11808 11808 11604 11604 11808 11808 11808 11808 11808 11808 11808 11834 11834 11834 11805 11805 11805 -9999 -9999 -9999 -9999 -9999 -9999 -9999 -9999 -9999 -9999 -9999 -9999 -9999 -9999 -9999 -9999 -9999 -9999 -9999 -9999 -9999 -9999 -9999 -9999 -9999 -9999 
-9999 -9999 -9999 -9999 -9999 -9999 -9999 -9999 -9999 -9999 -9999 -9999 -9999 -9999 -9999 -9999 -9999 -9999 -9999 -9999 -9999 -9999 -9999 -9999 -9999 -9999 -9999 -9999 -9999 -9999 -9999 -9999 -9999 -9999 -9999 -9999 -9999 -9999 -9999 -9999 -9999 -9999 -9999 -9999 -9999 -9999 -9999 -9999 -9999 -9999 -9999 -9999 -9999 -9999 -9999 -9999 -9999 -9999 -9999 -9999 11808 11808 11808 11808 11808 11808 11808 11604 11808 11808 11808 11808 11808 11808 11808 11808 11808 11808 11808 11808 11808 11808 11808 11808 11808 11808 11808 11834 11834 11834 11834 11834 11834 11834 11814 -9999 -9999 -9999 -9999 -9999 -9999 -9999 -9999 -9999 -9999 -9999 -9999 -9999 -9999 -9999 -9999 -9999 -9999 -9999 -9999 -9999 -9999 -9999 -9999 -9999 
-9999 -9999 -9999 -9999 -9999 -9999 -9999 -9999 -9999 -9999 -9999 -9999 -9999 -9999 -9999 -9999 -9999 -9999 -9999 -9999 -9999 -9999 -9999 -9999 -9999 -9999 -9999 -9999 -9999 -9999 -9999 -9999 -9999 -9999 -9999 -9999 -9999 -9999 -9999 -9999 -9999 -9999 -9999 -9999 -9999 -9999 -9999 -9999 -9999 -9999 -9999 -9999 -9999 -9999 -9999 -9999 -9999 -9999 -9999 -9999 11808 11808 11808 11808 11808 11808 11808 11604 11604 11808 11808 11808 11808 11808 11808 11808 11808 11808 11808 11808 11808 11808 11808 11808 11808 11808 11808 11805 11834 11834 11834 11834 11834 11834 11814 -9999 -9999 -9999 -9999 -9999 -9999 -9999 -9999 -9999 -9999 -9999 -9999 -9999 -9999 -9999 -9999 -9999 -9999 -9999 -9999 -9999 -9999 -9999 -9999 -9999 
-9999 -9999 -9999 -9999 -9999 -9999 -9999 -9999 -9999 -9999 -9999 -9999 -9999 -9999 -9999 -9999 -9999 -9999 -9999 -9999 -9999 -9999 -9999 -9999 -9999 -9999 -9999 -9999 -9999 -9999 -9999 -9999 -9999 -9999 -9999 -9999 -9999 -9999 -9999 -9999 -9999 -9999 -9999 -9999 -9999 -9999 -9999 -9999 -9999 -9999 -9999 -9999 -9999 -9999 -9999 -9999 -9999 -9999 -9999 -9999 11808 11808 11808 11808 11808 11808 11808 11808 11604 11808 11808 11808 11808 11604 11604 11808 11808 11808 11808 11808 11808 11805 11805 11805 11805 11805 11805 11805 11805 11805 11805 11834 11834 11805 11814 11814 11814 -9999 -9999 -9999 -9999 -9999 -9999 -9999 -9999 -9999 -9999 -9999 -9999 -9999 -9999 -9999 -9999 -9999 -9999 -9999 -9999 -9999 -9999 -9999 
-9999 -9999 -9999 -9999 -9999 -9999 -9999 -9999 -9999 -9999 -9999 -9999 -9999 -9999 -9999 -9999 -9999 -9999 -9999 -9999 -9999 -9999 -9999 -9999 -9999 -9999 -9999 -9999 -9999 -9999 -9999 -9999 -9999 -9999 -9999 -9999 -9999 -9999 -9999 -9999 -9999 -9999 -9999 -9999 -9999 -9999 -9999 -9999 -9999 -9999 -9999 -9999 -9999 -9999 -9999 -9999 -9999 -9999 -9999 -9999 11808 11808 11808 11808 11808 11808 11808 11808 11808 11808 11808 11808 11604 11604 11604 11808 11808 11808 11814 11805 11805 11805 11805 11805 11805 11805 11805 11805 11805 -9999 -9999 -9999 -9999 11805 -9999 -9999 -9999 -9999 -9999 -9999 -9999 -9999 -9999 -9999 -9999 -9999 -9999 -9999 -9999 -9999 -9999 -9999 -9999 -9999 -9999 -9999 -9999 -9999 -9999 -9999 
-9999 -9999 -9999 -9999 -9999 -9999 -9999 -9999 -9999 -9999 -9999 -9999 -9999 -9999 -9999 -9999 -9999 -9999 -9999 -9999 -9999 -9999 -9999 -9999 -9999 -9999 -9999 -9999 -9999 -9999 -9999 -9999 -9999 -9999 -9999 -9999 -9999 -9999 -9999 -9999 -9999 -9999 -9999 -9999 -9999 -9999 -9999 -9999 -9999 -9999 -9999 -9999 -9999 -9999 -9999 -9999 -9999 -9999 -9999 -9999 11808 11808 11808 11808 11808 11808 11808 11808 11808 11808 11808 11808 11808 11808 11808 11808 11808 11814 11814 11814 11814 11814 11814 11814 11814 11814 11805 11805 -9999 -9999 -9999 -9999 -9999 -9999 -9999 -9999 -9999 -9999 -9999 -9999 -9999 -9999 -9999 -9999 -9999 -9999 -9999 -9999 -9999 -9999 -9999 -9999 -9999 -9999 -9999 -9999 -9999 -9999 -9999 -9999 
-9999 -9999 -9999 -9999 -9999 -9999 -9999 -9999 -9999 -9999 -9999 -9999 -9999 -9999 -9999 -9999 -9999 -9999 -9999 -9999 -9999 -9999 -9999 -9999 -9999 -9999 -9999 -9999 -9999 -9999 -9999 -9999 -9999 -9999 -9999 -9999 -9999 -9999 -9999 -9999 -9999 -9999 -9999 -9999 -9999 -9999 -9999 -9999 -9999 -9999 -9999 -9999 -9999 -9999 -9999 -9999 -9999 -9999 -9999 -9999 11808 11808 11808 11808 11808 11808 11808 11808 11808 11808 11808 11808 11808 11808 11808 11808 11808 11814 11814 11814 11814 11814 11814 11814 11814 11814 11814 -9999 -9999 -9999 -9999 -9999 -9999 -9999 -9999 -9999 -9999 -9999 -9999 -9999 -9999 -9999 -9999 -9999 -9999 -9999 -9999 -9999 -9999 -9999 -9999 -9999 -9999 -9999 -9999 -9999 -9999 -9999 -9999 -9999 
-9999 -9999 -9999 -9999 -9999 -9999 -9999 -9999 -9999 -9999 -9999 -9999 -9999 -9999 -9999 -9999 -9999 -9999 -9999 -9999 -9999 -9999 -9999 -9999 -9999 -9999 -9999 -9999 -9999 -9999 -9999 -9999 -9999 -9999 -9999 -9999 -9999 -9999 -9999 -9999 -9999 -9999 -9999 -9999 -9999 -9999 -9999 -9999 -9999 -9999 -9999 -9999 -9999 -9999 -9999 -9999 -9999 -9999 -9999 -9999 11808 11808 11808 11808 11808 11808 11808 11808 11808 11808 11808 11808 11808 11808 11808 11808 11808 11808 11814 11814 11814 11814 11814 11814 11814 11814 -9999 -9999 -9999 -9999 -9999 -9999 -9999 -9999 -9999 -9999 -9999 -9999 -9999 -9999 -9999 -9999 -9999 -9999 -9999 -9999 -9999 -9999 -9999 -9999 -9999 -9999 -9999 -9999 -9999 -9999 -9999 -9999 -9999 -9999 
-9999 -9999 -9999 -9999 -9999 -9999 -9999 -9999 -9999 -9999 -9999 -9999 -9999 -9999 -9999 -9999 -9999 -9999 -9999 -9999 -9999 -9999 -9999 -9999 -9999 -9999 -9999 -9999 -9999 -9999 -9999 -9999 -9999 -9999 -9999 -9999 -9999 -9999 -9999 -9999 -9999 -9999 -9999 -9999 -9999 -9999 -9999 -9999 -9999 -9999 -9999 -9999 -9999 -9999 -9999 -9999 -9999 -9999 -9999 11808 11808 11808 11808 11808 11808 11808 11808 11808 11808 11808 11808 11808 11808 11808 11808 11808 11808 11808 11808 11808 11808 11808 -9999 -9999 11814 -9999 -9999 -9999 -9999 -9999 -9999 -9999 -9999 -9999 -9999 -9999 -9999 -9999 -9999 -9999 -9999 -9999 -9999 -9999 -9999 -9999 -9999 -9999 -9999 -9999 -9999 -9999 -9999 -9999 -9999 -9999 -9999 -9999 -9999 -9999 
-9999 -9999 -9999 -9999 -9999 -9999 -9999 -9999 -9999 -9999 -9999 -9999 -9999 -9999 -9999 -9999 -9999 -9999 -9999 -9999 -9999 -9999 -9999 -9999 -9999 -9999 -9999 -9999 -9999 -9999 -9999 -9999 -9999 -9999 -9999 -9999 -9999 -9999 -9999 -9999 -9999 -9999 -9999 -9999 -9999 -9999 -9999 -9999 -9999 -9999 -9999 -9999 -9999 -9999 -9999 -9999 -9999 -9999 -9999 11808 11808 11808 11808 11808 11808 11808 11808 11808 11808 11808 11808 11808 11808 11808 11808 11808 11808 11808 11808 11808 11808 11808 -9999 -9999 -9999 -9999 -9999 -9999 -9999 -9999 -9999 -9999 -9999 -9999 -9999 -9999 -9999 -9999 -9999 -9999 -9999 -9999 -9999 -9999 -9999 -9999 -9999 -9999 -9999 -9999 -9999 -9999 -9999 -9999 -9999 -9999 -9999 -9999 -9999 -9999 
-9999 -9999 -9999 -9999 -9999 -9999 -9999 -9999 -9999 -9999 -9999 -9999 -9999 -9999 -9999 -9999 -9999 -9999 -9999 -9999 -9999 -9999 -9999 -9999 -9999 -9999 -9999 -9999 -9999 -9999 -9999 -9999 -9999 -9999 -9999 -9999 -9999 -9999 -9999 -9999 -9999 -9999 -9999 -9999 -9999 -9999 -9999 -9999 -9999 -9999 -9999 -9999 -9999 -9999 -9999 -9999 -9999 -9999 11808 11808 11808 11808 11808 11808 11808 11808 11808 11808 11808 11808 11808 11808 11808 11808 11808 11808 11808 11808 11808 11808 11808 11807 -9999 -9999 -9999 -9999 -9999 -9999 -9999 -9999 -9999 -9999 -9999 -9999 -9999 -9999 -9999 -9999 -9999 -9999 -9999 -9999 -9999 -9999 -9999 -9999 -9999 -9999 -9999 -9999 -9999 -9999 -9999 -9999 -9999 -9999 -9999 -9999 -9999 -9999 
-9999 -9999 -9999 -9999 -9999 -9999 -9999 -9999 -9999 -9999 -9999 -9999 -9999 -9999 -9999 -9999 -9999 -9999 -9999 -9999 -9999 -9999 -9999 -9999 -9999 -9999 -9999 -9999 -9999 -9999 -9999 -9999 -9999 -9999 -9999 -9999 -9999 -9999 -9999 -9999 -9999 -9999 -9999 -9999 -9999 -9999 -9999 -9999 -9999 -9999 -9999 -9999 -9999 -9999 -9999 -9999 -9999 11814 11808 11808 11808 11808 11808 11808 11808 11808 11808 11808 11808 11808 11808 11808 11808 11808 11808 11808 11808 11808 11808 -9999 -9999 -9999 -9999 -9999 -9999 -9999 -9999 -9999 -9999 -9999 -9999 -9999 -9999 -9999 -9999 -9999 -9999 -9999 -9999 -9999 -9999 -9999 -9999 -9999 -9999 -9999 -9999 -9999 -9999 -9999 -9999 -9999 -9999 -9999 -9999 -9999 -9999 -9999 -9999 -9999 
-9999 -9999 -9999 -9999 -9999 -9999 -9999 -9999 -9999 -9999 -9999 -9999 -9999 -9999 -9999 -9999 -9999 -9999 -9999 -9999 -9999 -9999 -9999 -9999 -9999 -9999 -9999 -9999 -9999 -9999 -9999 -9999 -9999 -9999 -9999 -9999 -9999 -9999 -9999 -9999 -9999 -9999 -9999 -9999 -9999 -9999 -9999 -9999 -9999 -9999 -9999 -9999 -9999 -9999 -9999 11814 11814 11808 11808 11808 11814 11814 11814 11808 11808 11808 11808 11808 11808 11808 11808 11814 11814 11814 11814 11814 11808 -9999 -9999 -9999 -9999 -9999 -9999 -9999 -9999 -9999 -9999 -9999 -9999 -9999 -9999 -9999 -9999 -9999 -9999 -9999 -9999 -9999 -9999 -9999 -9999 -9999 -9999 -9999 -9999 -9999 -9999 -9999 -9999 -9999 -9999 -9999 -9999 -9999 -9999 -9999 -9999 -9999 -9999 -9999 
-9999 -9999 -9999 -9999 -9999 -9999 -9999 -9999 -9999 -9999 -9999 -9999 -9999 -9999 -9999 -9999 -9999 -9999 -9999 -9999 -9999 -9999 -9999 -9999 -9999 -9999 -9999 -9999 -9999 -9999 -9999 -9999 -9999 -9999 -9999 -9999 -9999 -9999 -9999 -9999 -9999 -9999 -9999 -9999 -9999 -9999 -9999 -9999 -9999 -9999 -9999 -9999 -9999 -9999 -9999 11814 11814 11808 11808 11814 11814 -9999 11814 11805 11805 11805 11805 11604 11604 11604 11808 11814 11814 11814 11814 -9999 -9999 -9999 -9999 -9999 -9999 -9999 -9999 -9999 -9999 -9999 -9999 -9999 -9999 -9999 -9999 -9999 -9999 -9999 -9999 -9999 -9999 -9999 -9999 -9999 -9999 -9999 -9999 -9999 -9999 -9999 -9999 -9999 -9999 -9999 -9999 -9999 -9999 -9999 -9999 -9999 -9999 -9999 -9999 -9999 
-9999 -9999 -9999 -9999 -9999 -9999 -9999 -9999 -9999 -9999 -9999 -9999 -9999 -9999 -9999 -9999 -9999 -9999 -9999 -9999 -9999 -9999 -9999 -9999 -9999 -9999 -9999 -9999 -9999 -9999 -9999 -9999 -9999 -9999 -9999 -9999 -9999 -9999 -9999 -9999 -9999 -9999 -9999 -9999 -9999 -9999 -9999 -9999 -9999 -9999 -9999 -9999 -9999 -9999 -9999 11814 11814 11814 11814 11814 11814 -9999 -9999 11805 11805 11805 11805 11805 11604 11604 11808 11814 -9999 -9999 -9999 -9999 -9999 -9999 -9999 -9999 -9999 -9999 -9999 -9999 -9999 -9999 -9999 -9999 -9999 -9999 -9999 -9999 -9999 -9999 -9999 -9999 -9999 -9999 -9999 -9999 -9999 -9999 -9999 -9999 -9999 -9999 -9999 -9999 -9999 -9999 -9999 -9999 -9999 -9999 -9999 -9999 -9999 -9999 -9999 -9999 
-9999 -9999 -9999 -9999 -9999 -9999 -9999 -9999 -9999 -9999 -9999 -9999 -9999 -9999 -9999 -9999 -9999 -9999 -9999 -9999 -9999 -9999 -9999 -9999 -9999 -9999 -9999 -9999 -9999 -9999 -9999 -9999 -9999 -9999 -9999 -9999 -9999 -9999 -9999 -9999 -9999 -9999 -9999 -9999 -9999 -9999 -9999 -9999 -9999 -9999 -9999 -9999 -9999 -9999 -9999 -9999 -9999 -9999 -9999 -9999 -9999 -9999 -9999 -9999 -9999 -9999 11805 11805 11604 11814 11814 11814 -9999 -9999 -9999 -9999 -9999 -9999 -9999 -9999 -9999 -9999 -9999 -9999 -9999 -9999 -9999 -9999 -9999 -9999 -9999 -9999 -9999 -9999 -9999 -9999 -9999 -9999 -9999 -9999 -9999 -9999 -9999 -9999 -9999 -9999 -9999 -9999 -9999 -9999 -9999 -9999 -9999 -9999 -9999 -9999 -9999 -9999 -9999 -9999 
